Without
10434
5770
464
492
100000
186
100000
262
402
58996
3837
199
439
336
6734
122
174
2649
741
1875
249
296
3537
460
1316
541
144
2699
301
451
234
493
1202
2040
270
187
441
287
3818
608
11385
10094
809
5873
720
299
128
2118
185
313
161
261
2743
1179
440
3297
210
1791
125
504
1559
101
257
638
495
3646
36728
137
5993
7366
699
550
389
7146
1061
3651
292
385
261
281
269
626
221
211
314
2189
1737
105
3922
108
814
142
462
24677
100000
13396
164
288
205
886
1356
100000
133
199
6581
465
144
768
671
750
19655
284
4154
1208
585
4584
253
185
1797
939
416
408
137
332
384
2582
2184
227
107
21679
16481
1560
237
332
223
1089
6627
862
256
425
367
3957
298
300
3316
2307
586
1240
1101
380
854
572
251
5641
1100
908
606
119
135
428
1196
100000
469
381
1390
549
839
7681
914
228
9257
492
121
4284
232
185
175
2261
350
930
884
185
508
348
1174
152
1135
166
31296
1047
1098
173
136
291
332
472
1094
7195
1692
229
176
972
334
365
1849
164
606
135
597
13235
1010
1226
695
261
5752
100000
1777
163
200
100000
2775
1870
219
929
255
1430
1059
5050
208
427
21007
122
447
2340
194
40763
182
1924
362
538
7387
811
912
129
1087
146
201
627
359
408
1446
532
286
16821
4637
100000
165
1041
5153
227
242
667
11980
107
100000
151
304
330
1037
5774
931
1019
7203
256
109
11860
151
474
2010
3229
267
2417
334
493
948
287
985
924
787
812
154
952
1564
1009
17391
314
128
1423
444
1263
324
100000
269
4365
384
717
1728
289
2699
302
118
741
160
1137
239
315
359
408
270
296
319
232
458
1721
390
413
7163
1042
1762
2688
7197
553
1565
959
173
37296
1187
161
345
3179
668
359
3753
2589
321
1273
707
185
996
39584
267
836
354
1053
741
55910
1989
777
1696
46411
362
2203
2669
2876
366
373
3557
5017
2507
487
428
295
1986
216
361
2466
19697
156
60253
7898
548
30220
1709
14177
437
394
1074
297
1160
1388
208
131
352
1625
101
1021
893
469
352
1383
207
262
541
1960
11965
1874
579
930
3518
133
533
1176
1894
1306
168
184
2057
957
201
181
1538
6755
4554
518
5622
818
563
37983
404
383
311
798
371
359
424
264
405
160
434
2562
233
879
208
128
411
171
298
3049
8814
21709
394
150
237
410
189
919
2310
288
256
753
551
1073
628
685
1127
4419
16349
191
379
323
6435
279
484
162
524
20169
1484
306
33321
262
631
197
125
100000
175
279
230
1316
490
498
925
236
246
798
171
413
1024
23420
715
22500
