With
482
107
93
88
159
431
731
61
105
108
78
71
217
114
104
228
77
234
94
190
245
119
132
173
276
183
85
66
106
179
387
310
202
126
112
82
142
71
100
133
106
159
68
236
387
146
82
109
102
151
71
102
385
115
310
73
96
157
207
62
118
78
88
148
138
106
160
97
402
171
708
71
668
66
144
192
229
127
217
82
94
81
460
89
73
93
306
40
131
101
267
436
122
51
141
105
478
1694
554
175
63
130
269
157
83
193
191
92
117
161
122
152
280
37
148
391
164
703
81
115
102
184
116
191
89
109
303
66
290
392
119
124
103
250
228
112
82
590
54
244
174
135
90
112
213
119
64
64
73
39
90
489
105
182
92
226
441
89
390
285
98
149
66
272
194
152
156
115
191
106
183
172
257
100
92
58
218
209
150
139
126
271
111
416
111
60
141
135
79
222
428
249
72
86
119
85
2249
150
107
86
928
130
244
136
88
122
76
205
136
228
234
250
1183
826
85
155
127
160
203
70
99
109
143
82
269
67
141
543
114
104
171
103
119
146
136
272
245
89
129
217
124
192
183
99
102
266
165
966
146
174
90
334
171
223
141
216
520
126
118
167
165
244
217
187
172
94
86
181
227
143
164
156
116
123
107
126
159
122
313
241
182
157
394
105
85
64
578
72
88
116
109
162
181
164
167
106
102
326
141
153
148
76
673
107
90
137
180
157
140
160
102
73
65
415
381
137
165
84
218
87
95
175
115
202
1491
113
199
189
203
294
58
87
154
204
1061
103
104
110
115
298
385
88
62
154
296
140
262
106
149
210
177
2195
836
179
63
140
418
192
81
74
449
181
91
143
293
835
743
155
86
89
103
129
82
53
240
146
117
607
240
147
114
172
147
192
321
138
122
124
236
280
98
105
230
120
256
65
425
139
163
154
154
4515
104
168
135
131
155
205
119
123
125
246
228
145
118
89
58
67
169
147
896
319
142
384
685
101
94
107
766
176
313
206
110
142
2808
111
129
128
115
141
1470
149
171
136
166
161
90
100
171
208
57
128
55
192
76
148
341
122
108
180
325
93
151
162
149
84
164
401
111
181
383
137
88
299
78
134
184
115
83
175
1104
65
139
153
88
115
1688
117
93
115
119
72
122
171
50
118
583
120
92
1140
