Generation Best
0 1 
1 1 
2 1 
3 1 
4 1 
5 1 
6 4 
7 4 
8 4 
9 4 
10 4 
11 4 
12 4 
13 4 
14 4 
15 4 
16 4 
17 4 
18 4 
19 4 
20 4 
21 4 
22 4 
23 4 
24 4 
25 4 
26 4 
27 4 
28 4 
29 4 
30 4 
31 4 
32 4 
33 12 
34 12 
35 12 
36 12 
37 12 
38 12 
39 12 
40 12 
41 12 
42 12 
43 12 
44 16 
45 16 
46 16 
47 16 
48 16 
49 16 
50 28 
51 28 
52 28 
53 28 
54 28 
55 32 
56 32 
57 36 
58 36 
59 36 
60 84 
61 84 
62 84 
63 84 
64 84 
65 112 
66 112 
67 112 
68 132 
69 132 
70 132 
71 132 
72 140 
73 140 
74 140 
75 140 
76 140 
77 140 
78 164 
79 164 
80 216 
81 216 
82 216 
83 216 
84 216 
85 216 
86 216 
87 216 
88 216 
89 216 
90 216 
91 216 
92 216 
93 216 
94 220 
95 220 
96 220 
97 220 
98 220 
99 220 
100 232 
101 232 
102 232 
103 232 
104 232 
105 232 
106 276 
107 276 
108 276 
109 276 
110 276 
111 276 
112 276 
113 276 
114 276 
115 276 
116 276 
117 276 
118 276 
119 276 
120 276 
121 276 
122 276 
123 276 
124 276 
125 276 
126 276 
127 276 
128 276 
129 276 
130 276 
131 276 
132 276 
133 276 
134 304 
135 304 
136 304 
137 304 
138 304 
139 304 
140 304 
141 304 
142 304 
143 304 
144 304 
145 304 
146 304 
147 304 
148 304 
149 304 
150 304 
151 304 
152 304 
153 304 
154 304 
155 304 
156 304 
157 304 
158 304 
159 304 
160 304 
161 304 
162 304 
163 304 
164 304 
165 304 
166 304 
167 304 
168 304 
169 304 
170 304 
171 304 
172 304 
173 304 
174 340 
175 340 
176 340 
177 340 
178 340 
179 340 
180 340 
181 340 
182 340 
183 340 
184 340 
185 340 
186 340 
187 340 
188 340 
189 400 
190 400 
191 400 
192 400 
193 400 
194 400 
195 448 
196 484 
197 640 
198 640 
199 640 
200 640 
201 640 
202 640 
203 640 
204 640 
205 640 
206 1124 
207 1124 
208 1272 
209 1272 
210 1272 
211 1272 
212 1272 
213 1272 
214 1272 
215 1272 
216 1272 
217 1272 
218 1272 
219 2020 
220 2020 
221 2020 
222 2020 
223 2020 
224 2020 
225 2020 
226 2020 
227 2020 
228 2020 
229 2020 
230 2020 
231 2020 
232 2020 
233 2020 
234 2020 
235 2020 
236 2020 
237 2020 
238 2020 
239 2020 
240 2020 
241 2020 
242 2048 
243 2048 
244 2048 
245 2048 
246 2048 
247 2048 
248 2048 
249 2048 
250 2048 
251 2048 
252 2272 
253 2272 
254 2272 
255 2272 
256 2272 
257 2272 
258 2272 
259 2272 
260 2272 
261 2272 
262 2272 
263 2272 
264 3140 
265 3140 
266 3140 
267 3140 
268 3140 
269 3140 
270 3140 
271 3140 
272 3140 
273 3140 
274 3140 
275 3140 
276 3140 
277 3140 
278 3140 
279 3140 
280 3140 
281 3140 
282 3648 
283 3648 
284 3648 
285 3648 
286 3648 
287 3648 
288 3648 
289 3648 
290 3648 
291 3648 
292 3648 
293 3648 
294 3648 
295 3648 
296 3648 
297 3648 
298 3648 
299 3648 
300 3648 
301 3648 
302 3648 
303 3648 
304 3648 
305 5988 
306 5988 
307 5988 
308 5988 
309 5988 
310 5988 
311 5988 
312 5988 
313 5988 
314 5988 
315 5988 
316 6648 
317 6648 
318 6648 
319 6648 
320 6648 
321 6648 
322 6648 
323 6648 
324 6648 
325 6648 
326 6648 
327 6648 
328 6648 
329 6648 
330 6648 
331 6648 
332 6648 
333 6648 
334 6648 
335 6648 
336 6648 
337 6648 
338 6648 
339 6648 
340 6648 
341 6648 
342 6648 
343 6648 
344 6648 
345 6648 
346 7504 
347 7504 
348 7504 
349 7504 
350 7504 
351 7504 
352 7504 
353 7504 
354 7504 
355 7504 
356 7504 
357 7504 
358 7504 
359 7504 
360 7504 
361 7504 
362 7504 
363 7504 
364 7504 
365 7504 
366 7504 
367 7504 
368 7504 
369 7504 
370 7504 
371 7504 
372 7504 
373 7504 
374 7504 
375 7504 
376 7504 
377 7504 
378 7504 
379 7504 
380 7504 
381 7504 
382 7504 
383 7504 
384 7504 
385 7504 
386 7504 
387 7504 
388 7504 
389 7504 
390 7504 
391 7504 
392 7504 
393 7504 
394 7504 
395 7504 
396 7504 
397 7504 
398 7504 
399 7504 
400 7504 
401 7504 
402 7504 
403 7504 
404 7504 
405 7504 
406 7504 
407 7504 
408 7504 
409 7504 
410 7504 
411 7504 
412 7504 
413 7504 
414 7504 
415 7504 
416 7504 
417 7504 
418 7504 
419 7504 
420 7504 
421 7504 
422 7504 
423 7504 
424 7504 
425 7504 
426 7504 
427 7504 
428 7504 
429 7504 
430 7504 
431 7504 
432 7504 
433 7504 
434 7504 
435 7504 
436 7504 
437 7504 
438 7504 
439 7504 
440 7504 
441 7504 
442 7504 
443 7504 
444 7504 
445 7504 
446 7504 
447 7504 
448 7504 
449 7504 
450 7504 
451 7504 
452 7504 
453 7504 
454 7504 
455 7504 
456 7504 
457 7504 
458 7504 
459 7504 
460 7504 
461 7504 
462 7504 
463 7504 
464 7504 
465 7504 
466 7504 
467 7504 
468 7504 
469 7504 
470 7504 
471 7504 
472 7504 
473 7504 
474 7504 
475 7504 
476 7504 
477 11076 
478 11076 
479 11076 
480 11076 
481 11076 
482 11076 
483 11076 
484 11076 
485 11076 
486 11076 
487 11076 
488 11076 
489 11076 
490 11076 
491 11076 
492 11076 
493 11076 
494 11076 
495 11076 
496 11076 
497 11076 
498 11076 
499 11076 
500 11076 
501 11076 
502 11076 
503 11076 
504 11076 
505 11076 
506 11076 
507 11076 
508 11076 
509 11076 
510 11076 
511 11076 
512 11076 
513 11076 
514 11076 
515 11076 
516 11076 
517 11076 
518 11076 
519 11076 
520 11076 
521 11076 
522 11076 
523 11076 
524 11076 
525 11076 
526 11076 
527 11076 
528 11076 
529 11076 
530 11076 
531 11076 
532 11076 
533 11076 
534 11076 
535 11076 
536 11076 
537 11076 
538 11076 
539 11076 
540 11076 
541 11076 
542 11076 
543 11076 
544 11076 
545 11076 
546 11076 
547 11076 
548 11076 
549 11076 
550 11076 
551 11076 
552 11076 
553 11076 
554 11076 
555 11076 
556 11076 
557 11076 
558 11076 
559 11076 
560 11076 
561 11076 
562 11076 
563 11076 
564 11076 
565 11076 
566 11076 
567 11076 
568 11076 
569 11076 
570 11076 
571 11076 
572 11076 
573 11076 
574 11076 
575 11076 
576 11076 
577 11076 
578 11076 
579 11076 
580 11076 
581 11076 
582 11076 
583 11076 
584 11076 
585 11076 
586 11076 
587 11076 
588 11076 
589 11076 
590 11076 
591 11076 
592 11076 
593 11076 
594 11076 
595 11076 
596 11076 
597 11076 
598 11076 
599 11076 
600 11076 
601 11076 
602 11076 
603 11076 
604 11076 
605 11076 
606 11076 
607 11076 
608 11076 
609 11076 
610 11076 
611 11076 
612 11076 
613 11076 
614 11076 
615 11076 
616 11076 
617 11076 
618 11076 
619 11076 
620 11076 
621 11076 
622 11076 
623 11076 
624 11076 
625 11076 
626 11076 
627 11076 
628 11076 
629 11076 
630 11076 
631 11076 
632 11076 
633 11076 
634 11076 
635 11076 
636 11076 
637 11076 
638 11076 
639 11076 
640 11076 
641 11076 
642 11076 
643 11076 
644 11076 
645 11076 
646 11076 
647 11076 
648 11076 
649 11076 
650 11076 
651 11076 
652 11076 
653 11076 
654 11076 
655 11076 
656 11076 
657 11076 
658 11076 
659 11076 
660 11076 
661 11076 
662 11076 
663 11076 
664 11076 
665 11076 
666 11076 
667 11076 
668 11076 
669 11076 
670 11076 
671 11076 
672 11076 
673 11076 
674 11076 
675 11076 
676 11076 
677 11076 
678 11076 
679 11076 
680 11076 
681 11076 
682 11076 
683 11076 
684 11076 
685 11076 
686 11076 
687 11076 
688 11076 
689 11076 
690 11076 
691 11076 
692 11076 
693 11076 
694 11076 
695 11076 
696 11076 
697 11076 
698 11076 
699 11076 
700 11076 
701 11076 
702 11076 
703 11076 
704 11076 
705 11076 
706 11076 
707 11076 
708 11076 
709 11076 
710 11076 
711 11076 
712 11076 
713 11076 
714 11076 
715 11076 
716 11076 
717 11076 
718 11076 
719 11076 
720 11076 
721 11076 
722 11076 
723 11076 
724 11076 
725 11076 
726 11076 
727 11076 
728 11076 
729 11076 
730 11076 
731 11076 
732 11076 
733 11076 
734 11076 
735 11076 
736 11076 
737 11076 
738 11076 
739 11076 
740 11076 
741 11076 
742 11076 
743 11076 
744 11076 
745 11076 
746 11076 
747 11076 
748 11076 
749 11076 
750 11076 
751 11076 
752 11076 
753 11076 
754 11076 
755 11076 
756 11076 
757 11076 
758 11076 
759 11076 
760 11076 
761 11076 
762 11076 
763 11076 
764 11076 
765 11076 
766 11076 
767 11076 
768 11076 
769 11076 
770 11076 
771 11076 
772 11076 
773 11076 
774 11076 
775 11076 
776 11076 
777 11076 
778 11076 
779 11076 
780 11076 
781 11076 
782 11076 
783 11076 
784 11076 
785 11076 
786 11076 
787 11076 
788 11076 
789 11076 
790 11076 
791 11076 
792 11076 
793 11076 
794 11076 
795 11076 
796 11076 
797 11076 
798 11076 
799 11076 
800 11076 
801 11076 
802 11076 
803 11076 
804 11076 
805 11076 
806 11076 
807 11076 
808 11076 
809 11076 
810 11076 
811 11076 
812 11076 
813 11076 
814 11076 
815 11076 
816 11076 
817 11076 
818 11076 
819 11076 
820 11076 
821 11076 
822 11076 
823 11076 
824 11076 
825 11076 
826 11076 
827 11076 
828 11076 
829 11076 
830 11076 
831 11076 
832 11076 
833 11076 
834 11076 
835 11076 
836 11076 
837 11076 
838 11076 
839 11076 
840 11076 
841 11076 
842 11076 
843 11076 
844 11076 
845 11076 
846 11076 
847 11076 
848 11076 
849 11076 
850 11076 
851 11076 
852 11076 
853 11076 
854 11076 
855 11076 
856 11076 
857 11076 
858 11076 
859 11076 
860 11076 
861 11076 
862 11076 
863 11076 
864 11076 
865 11076 
866 11076 
867 11076 
868 11076 
869 11076 
870 11076 
871 11076 
872 11076 
873 11076 
874 11076 
875 11076 
876 11076 
877 11076 
878 11076 
879 11076 
880 11076 
881 11076 
882 11076 
883 11076 
884 11076 
885 11076 
886 11076 
887 11076 
888 11076 
889 11076 
890 11076 
891 11076 
892 11076 
893 11076 
894 11076 
895 11076 
896 11076 
897 11076 
898 11076 
899 11076 
900 11076 
901 11076 
902 11076 
903 11076 
904 11076 
905 11076 
906 11076 
907 11076 
908 11076 
909 11076 
910 11076 
911 11076 
912 11076 
913 11076 
914 11076 
915 11076 
916 11076 
917 11076 
918 11076 
919 11076 
920 11076 
921 11076 
922 11076 
923 11076 
924 11076 
925 11076 
926 11076 
927 11076 
928 11076 
929 11076 
930 11076 
931 11076 
932 11076 
933 11076 
934 11076 
935 11076 
936 11076 
937 11076 
938 11076 
939 11076 
940 11076 
941 11076 
942 11076 
943 11076 
944 11076 
945 11076 
946 11076 
947 11076 
948 11076 
949 11076 
950 11076 
951 11076 
952 11076 
953 11076 
954 11076 
955 11076 
956 11076 
957 11076 
958 11076 
959 11076 
960 11076 
961 11076 
962 11076 
963 11076 
964 11076 
965 11076 
966 11076 
967 11076 
968 12264 
969 12264 
970 12264 
971 12264 
972 12264 
973 12264 
974 12264 
975 12264 
976 12264 
977 12264 
978 12264 
979 12264 
980 12264 
981 12264 
982 12264 
983 12264 
984 12264 
985 12264 
986 12264 
987 12264 
988 12264 
989 12264 
990 12264 
991 12264 
992 12264 
993 12264 
994 12264 
995 12264 
996 12264 
997 12264 
998 12264 
999 12264 
