Generation Best
0 4 
1 4 
2 4 
3 4 
4 4 
5 4 
6 4 
7 4 
8 4 
9 8 
10 8 
11 8 
12 8 
13 8 
14 8 
15 8 
16 16 
17 16 
18 16 
19 16 
20 32 
21 32 
22 32 
23 32 
24 32 
25 76 
26 76 
27 76 
28 76 
29 76 
30 76 
31 120 
32 120 
33 120 
34 200 
35 200 
36 200 
37 200 
38 200 
39 200 
40 200 
41 200 
42 200 
43 200 
44 200 
45 200 
46 200 
47 204 
48 204 
49 204 
50 204 
51 236 
52 236 
53 236 
54 364 
55 364 
56 364 
57 364 
58 364 
59 364 
60 364 
61 364 
62 364 
63 460 
64 460 
65 460 
66 460 
67 460 
68 460 
69 460 
70 460 
71 460 
72 460 
73 460 
74 460 
75 460 
76 460 
77 460 
78 460 
79 460 
80 460 
81 460 
82 460 
83 460 
84 460 
85 460 
86 460 
87 460 
88 460 
89 476 
90 476 
91 576 
92 576 
93 576 
94 692 
95 692 
96 692 
97 692 
98 692 
99 692 
100 692 
101 692 
102 692 
103 692 
104 692 
105 692 
106 692 
107 1124 
108 1124 
109 1124 
110 1124 
111 1124 
112 1124 
113 1124 
114 1124 
115 1124 
116 1124 
117 1124 
118 1124 
119 1124 
120 1124 
121 1124 
122 1124 
123 1124 
124 1124 
125 1124 
126 1124 
127 1124 
128 1124 
129 1124 
130 1124 
131 1124 
132 1124 
133 1124 
134 1124 
135 1124 
136 1124 
137 1124 
138 1124 
139 1124 
140 1124 
141 1124 
142 1124 
143 1124 
144 1124 
145 1124 
146 1124 
147 1124 
148 1124 
149 1124 
150 1124 
151 1124 
152 1620 
153 1620 
154 1620 
155 1620 
156 1620 
157 1620 
158 1620 
159 1620 
160 1620 
161 1620 
162 1620 
163 1620 
164 1620 
165 1620 
166 1620 
167 1620 
168 1620 
169 1620 
170 1620 
171 1620 
172 1620 
173 1620 
174 1620 
175 1620 
176 1620 
177 1620 
178 1620 
179 1620 
180 1620 
181 1620 
182 1620 
183 1620 
184 1620 
185 1620 
186 1620 
187 1620 
188 1620 
189 1620 
190 1620 
191 1620 
192 1620 
193 1620 
194 1620 
195 1620 
196 1620 
197 1620 
198 1620 
199 1620 
200 1620 
201 1620 
202 1620 
203 1620 
204 1620 
205 1620 
206 1620 
207 1620 
208 1620 
209 1620 
210 1620 
211 1620 
212 1620 
213 1620 
214 1620 
215 1620 
216 1620 
217 1620 
218 1620 
219 1620 
220 1620 
221 1620 
222 1620 
223 1620 
224 1620 
225 1620 
226 1620 
227 1620 
228 1620 
229 1620 
230 1620 
231 1620 
232 1620 
233 1620 
234 1620 
235 1620 
236 1620 
237 1620 
238 1620 
239 1620 
240 1620 
241 1620 
242 1620 
243 1620 
244 1620 
245 1620 
246 1620 
247 1620 
248 1620 
249 1620 
250 1620 
251 1620 
252 1620 
253 1620 
254 1620 
255 1620 
256 1620 
257 1620 
258 1620 
259 1620 
260 1620 
261 1620 
262 1620 
263 1620 
264 1620 
265 1620 
266 1620 
267 1620 
268 1620 
269 1620 
270 1620 
271 1620 
272 1620 
273 1620 
274 1620 
275 1620 
276 1620 
277 1620 
278 1620 
279 1620 
280 1620 
281 1620 
282 1620 
283 1620 
284 1620 
285 1620 
286 1620 
287 1620 
288 1620 
289 1620 
290 1620 
291 1620 
292 1620 
293 1620 
294 1620 
295 1620 
296 1620 
297 1620 
298 1620 
299 1620 
300 1620 
301 1620 
302 1620 
303 1620 
304 1620 
305 1620 
306 1620 
307 1620 
308 1620 
309 1620 
310 1620 
311 1620 
312 1620 
313 1620 
314 1620 
315 1620 
316 1620 
317 1620 
318 1620 
319 1620 
320 1620 
321 1620 
322 1620 
323 1620 
324 1620 
325 1620 
326 1620 
327 1620 
328 1620 
329 1620 
330 1620 
331 1620 
332 1620 
333 1620 
334 1620 
335 1620 
336 1620 
337 1620 
338 1620 
339 1620 
340 1620 
341 1620 
342 1620 
343 1620 
344 1620 
345 1824 
346 1824 
347 1824 
348 1824 
349 1824 
350 1824 
351 1824 
352 1824 
353 1824 
354 1824 
355 1824 
356 1824 
357 1824 
358 1824 
359 1824 
360 1824 
361 1824 
362 1824 
363 1824 
364 1824 
365 1824 
366 1824 
367 1824 
368 1824 
369 1824 
370 1824 
371 1824 
372 1824 
373 1824 
374 1824 
375 1824 
376 1824 
377 1824 
378 1824 
379 1824 
380 1824 
381 1824 
382 1824 
383 1824 
384 1824 
385 1824 
386 1824 
387 1824 
388 1824 
389 1824 
390 1824 
391 1824 
392 1824 
393 1824 
394 1824 
395 1824 
396 1824 
397 1824 
398 1824 
399 1824 
400 1824 
401 1824 
402 1824 
403 1824 
404 1824 
405 1824 
406 1824 
407 1824 
408 1824 
409 1824 
410 1824 
411 1824 
412 1824 
413 1824 
414 1920 
415 1920 
416 1920 
417 1920 
418 1920 
419 1920 
420 1920 
421 1920 
422 1920 
423 1920 
424 1920 
425 1920 
426 1920 
427 1920 
428 1920 
429 1920 
430 1920 
431 1920 
432 1920 
433 1920 
434 1920 
435 1920 
436 1920 
437 1920 
438 1920 
439 1920 
440 1920 
441 3908 
442 3908 
443 3908 
444 3908 
445 3908 
446 3908 
447 3908 
448 3908 
449 3908 
450 3908 
451 3908 
452 3908 
453 3908 
454 3908 
455 3908 
456 3908 
457 3908 
458 3908 
459 3908 
460 3908 
461 3908 
462 3908 
463 3908 
464 3908 
465 3908 
466 3908 
467 3908 
468 3908 
469 3908 
470 3908 
471 3908 
472 3908 
473 3908 
474 3908 
475 3908 
476 3908 
477 3908 
478 3908 
479 3908 
480 3908 
481 3908 
482 3908 
483 3908 
484 3908 
485 3908 
486 3908 
487 3908 
488 3908 
489 3908 
490 3908 
491 3908 
492 3908 
493 3908 
494 3908 
495 3908 
496 3908 
497 3908 
498 3908 
499 3908 
500 3908 
501 3908 
502 3908 
503 3908 
504 3908 
505 3908 
506 3908 
507 3908 
508 3908 
509 3908 
510 4664 
511 4664 
512 4664 
513 4664 
514 4664 
515 4664 
516 4664 
517 4664 
518 4664 
519 4664 
520 4664 
521 4664 
522 4664 
523 4664 
524 4664 
525 4664 
526 4664 
527 4664 
528 4664 
529 4664 
530 4664 
531 4664 
532 4664 
533 4664 
534 4664 
535 4664 
536 4664 
537 4664 
538 4664 
539 4664 
540 4664 
541 4664 
542 4664 
543 4664 
544 4664 
545 4664 
546 4664 
547 4664 
548 4664 
549 4664 
550 4664 
551 4664 
552 4664 
553 4664 
554 4664 
555 4664 
556 4664 
557 4664 
558 4664 
559 4664 
560 4664 
561 4664 
562 4664 
563 4664 
564 4664 
565 4664 
566 4664 
567 4664 
568 4664 
569 4664 
570 4664 
571 4664 
572 4664 
573 4664 
574 4664 
575 4664 
576 4664 
577 4664 
578 4664 
579 4664 
580 4664 
581 4664 
582 4664 
583 4664 
584 4664 
585 4664 
586 4664 
587 4664 
588 4664 
589 4664 
590 4664 
591 4664 
592 4664 
593 4664 
594 4664 
595 4664 
596 4664 
597 4664 
598 4664 
599 4664 
600 4664 
601 4664 
602 4664 
603 4664 
604 4664 
605 4664 
606 4664 
607 4664 
608 4664 
609 4664 
610 4664 
611 4664 
612 4664 
613 4664 
614 4664 
615 4664 
616 4664 
617 4664 
618 4664 
619 4664 
620 4664 
621 4664 
622 4664 
623 4664 
624 4664 
625 4664 
626 4664 
627 4664 
628 4664 
629 4664 
630 4664 
631 4664 
632 4664 
633 4664 
634 4664 
635 4664 
636 4664 
637 4664 
638 4664 
639 4664 
640 4664 
641 4664 
642 4664 
643 4664 
644 4664 
645 4664 
646 4664 
647 4664 
648 4664 
649 4664 
650 4664 
651 4664 
652 4664 
653 4664 
654 4664 
655 4664 
656 4664 
657 4664 
658 4664 
659 4664 
660 4664 
661 4664 
662 4664 
663 4664 
664 4664 
665 4664 
666 4664 
667 4664 
668 4664 
669 4664 
670 4664 
671 4664 
672 4664 
673 4664 
674 4664 
675 4664 
676 4664 
677 4664 
678 4664 
679 5588 
680 5588 
681 5588 
682 5588 
683 5588 
684 5588 
685 5588 
686 5588 
687 5588 
688 5588 
689 5588 
690 5588 
691 5588 
692 5588 
693 5588 
694 5588 
695 5588 
696 5588 
697 5588 
698 5588 
699 5588 
700 5588 
701 5588 
702 5588 
703 5588 
704 5588 
705 5588 
706 5588 
707 5588 
708 5588 
709 5588 
710 5588 
711 5588 
712 5588 
713 5588 
714 5588 
715 5588 
716 5588 
717 5588 
718 5588 
719 5588 
720 5588 
721 5588 
722 5588 
723 5588 
724 5588 
725 5588 
726 5588 
727 5588 
728 5588 
729 5588 
730 5588 
731 5588 
732 5588 
733 5588 
734 5588 
735 5588 
736 5588 
737 5588 
738 5588 
739 5588 
740 5588 
741 5588 
742 5588 
743 5588 
744 5588 
745 5588 
746 5588 
747 5588 
748 5588 
749 5588 
750 5588 
751 5588 
752 5588 
753 5588 
754 5588 
755 5588 
756 5588 
757 5588 
758 5588 
759 5588 
760 5588 
761 5588 
762 5588 
763 5588 
764 5588 
765 5588 
766 5588 
767 5588 
768 5588 
769 5588 
770 5588 
771 5588 
772 5588 
773 5588 
774 5588 
775 5588 
776 5588 
777 5588 
778 5588 
779 5588 
780 5588 
781 5588 
782 5588 
783 5588 
784 5588 
785 5588 
786 5588 
787 5588 
788 5588 
789 5588 
790 5588 
791 5588 
792 5588 
793 5588 
794 5588 
795 5588 
796 5588 
797 5588 
798 5588 
799 5588 
800 5588 
801 5588 
802 5588 
803 5588 
804 5588 
805 5588 
806 5588 
807 5588 
808 5588 
809 5588 
810 5588 
811 5588 
812 5588 
813 5588 
814 5588 
815 5588 
816 5588 
817 5588 
818 5588 
819 5588 
820 5588 
821 5588 
822 5588 
823 5588 
824 5588 
825 5588 
826 5588 
827 5588 
828 5588 
829 5588 
830 5588 
831 5588 
832 5588 
833 5588 
834 5588 
835 5588 
836 5588 
837 5588 
838 5588 
839 5588 
840 5588 
841 5588 
842 5588 
843 5588 
844 5588 
845 5588 
846 5588 
847 5588 
848 5588 
849 5588 
850 5588 
851 5588 
852 5588 
853 5588 
854 5588 
855 5588 
856 5588 
857 5588 
858 5588 
859 5588 
860 5588 
861 5588 
862 5588 
863 5588 
864 5588 
865 5588 
866 5588 
867 5588 
868 5588 
869 5588 
870 5588 
871 5588 
872 5588 
873 5588 
874 5588 
875 5588 
876 5588 
877 5588 
878 5588 
879 5588 
880 5588 
881 5588 
882 5588 
883 5588 
884 5588 
885 5588 
886 5588 
887 5588 
888 5588 
889 5588 
890 5588 
891 5588 
892 5588 
893 5588 
894 5588 
895 5588 
896 5588 
897 5588 
898 5588 
899 5588 
900 5588 
901 5588 
902 5588 
903 5588 
904 5588 
905 5588 
906 5588 
907 5588 
908 5588 
909 5588 
910 5588 
911 5588 
912 5588 
913 5588 
914 5588 
915 5588 
916 5588 
917 5588 
918 5588 
919 5588 
920 5588 
921 5588 
922 5588 
923 5588 
924 5588 
925 5588 
926 5588 
927 5588 
928 5588 
929 5588 
930 5588 
931 5588 
932 5588 
933 5588 
934 5588 
935 5588 
936 5588 
937 5588 
938 5588 
939 5588 
940 5588 
941 5588 
942 5588 
943 5588 
944 5588 
945 5588 
946 5588 
947 5588 
948 5588 
949 5588 
950 5588 
951 5588 
952 5588 
953 5588 
954 5588 
955 5588 
956 5588 
957 5588 
958 5588 
959 5588 
960 5588 
961 5588 
962 5588 
963 5588 
964 5588 
965 5588 
966 5588 
967 5588 
968 5588 
969 5588 
970 5588 
971 5588 
972 5588 
973 5588 
974 5588 
975 5588 
976 5588 
977 5588 
978 5588 
979 5588 
980 5588 
981 5588 
982 5588 
983 5588 
984 5588 
985 5588 
986 5588 
987 5588 
988 5588 
989 5588 
990 5588 
991 5588 
992 5588 
993 5588 
994 5588 
995 5588 
996 5588 
997 5588 
998 5588 
999 5588 
0 1 
1 1 
2 1 
3 1 
4 1 
5 1 
6 1 
7 1 
8 1 
9 2 
10 2 
11 2 
12 2 
13 2 
14 2 
15 8 
16 8 
17 8 
18 8 
19 8 
20 28 
21 72 
22 124 
23 424 
24 492 
25 492 
26 492 
27 492 
28 492 
29 492 
30 492 
31 492 
32 492 
33 492 
34 492 
35 492 
36 492 
37 492 
38 492 
39 492 
40 528 
41 528 
42 528 
43 528 
44 528 
45 528 
46 528 
47 528 
48 592 
49 592 
50 592 
51 592 
52 592 
53 592 
54 592 
55 592 
56 592 
57 592 
58 592 
59 592 
60 592 
61 592 
62 592 
63 592 
64 592 
65 592 
66 592 
67 592 
68 592 
69 592 
70 592 
71 592 
72 592 
73 592 
74 592 
75 592 
76 592 
77 592 
78 604 
79 604 
80 632 
81 632 
82 632 
83 632 
84 632 
85 632 
86 632 
87 632 
88 632 
89 632 
90 632 
91 632 
92 632 
93 632 
94 632 
95 632 
96 632 
97 632 
98 632 
99 632 
100 632 
101 632 
102 632 
103 632 
104 632 
105 632 
106 632 
107 632 
108 632 
109 632 
110 672 
111 672 
112 672 
113 672 
114 672 
115 724 
116 724 
117 724 
118 724 
119 724 
120 888 
121 888 
122 888 
123 888 
124 888 
125 888 
126 888 
127 888 
128 888 
129 888 
130 888 
131 888 
132 888 
133 888 
134 888 
135 888 
136 888 
137 888 
138 888 
139 888 
140 888 
141 888 
142 888 
143 888 
144 888 
145 888 
146 888 
147 888 
148 888 
149 888 
150 888 
151 888 
152 888 
153 888 
154 888 
155 888 
156 888 
157 888 
158 888 
159 888 
160 888 
161 888 
162 888 
163 888 
164 888 
165 888 
166 888 
167 888 
168 888 
169 888 
170 888 
171 888 
172 888 
173 888 
174 888 
175 888 
176 888 
177 888 
178 888 
179 888 
180 888 
181 888 
182 888 
183 956 
184 956 
185 956 
186 956 
187 956 
188 956 
189 956 
190 956 
191 956 
192 956 
193 956 
194 956 
195 956 
196 956 
197 956 
198 956 
199 956 
200 956 
201 956 
202 956 
203 956 
204 956 
205 956 
206 956 
207 956 
208 956 
209 956 
210 956 
211 956 
212 956 
213 956 
214 956 
215 956 
216 956 
217 956 
218 956 
219 956 
220 956 
221 956 
222 956 
223 956 
224 956 
225 956 
226 956 
227 956 
228 956 
229 956 
230 956 
231 956 
232 956 
233 956 
234 956 
235 956 
236 956 
237 956 
238 956 
239 956 
240 956 
241 956 
242 956 
243 956 
244 956 
245 956 
246 956 
247 956 
248 956 
249 956 
250 956 
251 956 
252 956 
253 956 
254 956 
255 956 
256 956 
257 956 
258 956 
259 956 
260 956 
261 956 
262 956 
263 956 
264 956 
265 956 
266 956 
267 956 
268 956 
269 956 
270 956 
271 956 
272 956 
273 956 
274 956 
275 956 
276 956 
277 956 
278 956 
279 956 
280 956 
281 956 
282 956 
283 956 
284 956 
285 956 
286 956 
287 956 
288 956 
289 956 
290 956 
291 956 
292 956 
293 956 
294 956 
295 956 
296 956 
297 956 
298 956 
299 956 
300 956 
301 956 
302 956 
303 956 
304 956 
305 956 
306 956 
307 956 
308 956 
309 956 
310 956 
311 956 
312 956 
313 956 
314 956 
315 956 
316 956 
317 956 
318 956 
319 956 
320 956 
321 956 
322 956 
323 956 
324 956 
325 956 
326 956 
327 956 
328 956 
329 956 
330 956 
331 956 
332 956 
333 956 
334 956 
335 956 
336 956 
337 956 
338 956 
339 956 
340 956 
341 956 
342 956 
343 956 
344 956 
345 956 
346 956 
347 956 
348 956 
349 956 
350 956 
351 956 
352 956 
353 956 
354 956 
355 956 
356 956 
357 956 
358 956 
359 956 
360 956 
361 956 
362 956 
363 956 
364 956 
365 956 
366 956 
367 956 
368 956 
369 956 
370 956 
371 956 
372 956 
373 956 
374 956 
375 956 
376 956 
377 956 
378 1452 
379 1452 
380 1452 
381 1452 
382 1452 
383 1452 
384 1452 
385 1452 
386 1452 
387 1452 
388 1452 
389 1452 
390 1452 
391 1452 
392 1452 
393 1452 
394 1452 
395 1452 
396 1452 
397 1452 
398 1452 
399 1452 
400 1452 
401 1452 
402 1452 
403 1452 
404 1452 
405 1452 
406 1452 
407 1452 
408 1452 
409 1452 
410 1452 
411 1452 
412 1452 
413 1452 
414 1452 
415 1452 
416 1452 
417 1452 
418 1452 
419 1452 
420 1452 
421 1452 
422 1452 
423 1452 
424 1452 
425 1452 
426 1452 
427 1452 
428 1452 
429 1452 
430 1452 
431 1452 
432 1452 
433 1452 
434 1452 
435 1452 
436 1452 
437 1452 
438 1452 
439 1452 
440 1452 
441 1452 
442 1452 
443 1452 
444 1452 
445 1452 
446 1452 
447 1452 
448 1452 
449 1452 
450 1452 
451 1452 
452 1452 
453 1452 
454 1452 
455 1452 
456 1452 
457 1452 
458 1452 
459 1452 
460 1452 
461 1452 
462 1452 
463 1452 
464 1452 
465 1452 
466 1452 
467 1452 
468 1452 
469 1452 
470 1452 
471 1452 
472 1452 
473 1452 
474 1452 
475 1452 
476 1452 
477 1452 
478 1452 
479 1452 
480 1452 
481 1452 
482 1452 
483 1452 
484 1452 
485 1452 
486 1452 
487 1452 
488 1452 
489 1452 
490 1452 
491 1452 
492 1452 
493 1452 
494 1452 
495 1452 
496 1452 
497 1452 
498 1452 
499 1452 
500 1452 
501 1452 
502 1452 
503 1452 
504 1452 
505 1452 
506 1452 
507 1452 
508 1452 
509 1452 
510 1452 
511 1452 
512 1452 
513 1452 
514 1452 
515 1452 
516 1452 
517 1452 
518 1452 
519 1452 
520 1452 
521 1452 
522 1452 
523 1452 
524 1452 
525 1452 
526 1452 
527 1728 
528 1728 
529 1728 
530 1728 
531 1728 
532 1728 
533 1728 
534 1728 
535 1728 
536 1728 
537 1728 
538 1728 
539 1728 
540 1728 
541 1728 
542 1728 
543 1728 
544 1728 
545 1728 
546 1728 
547 1728 
548 1728 
549 1728 
550 1728 
551 1728 
552 1728 
553 1728 
554 1728 
555 1728 
556 1728 
557 1728 
558 1728 
559 1728 
560 1728 
561 1728 
562 1728 
563 1728 
564 1728 
565 1728 
566 1728 
567 1728 
568 1728 
569 1728 
570 1728 
571 1728 
572 1728 
573 1728 
574 1728 
575 1728 
576 1728 
577 1728 
578 1728 
579 1728 
580 1728 
581 1728 
582 1728 
583 1728 
584 1728 
585 1728 
586 1728 
587 1728 
588 1728 
589 1728 
590 1728 
591 1728 
592 1728 
593 1728 
594 1728 
595 1728 
596 1728 
597 1728 
598 1728 
599 1728 
600 1728 
601 1728 
602 1728 
603 1728 
604 1728 
605 1728 
606 1728 
607 1728 
608 1728 
609 1728 
610 1728 
611 1728 
612 1728 
613 1728 
614 1728 
615 1728 
616 1728 
617 1728 
618 1728 
619 1728 
620 1728 
621 1728 
622 1728 
623 1728 
624 1728 
625 1728 
626 1728 
627 1728 
628 1728 
629 1728 
630 1728 
631 1728 
632 1728 
633 1728 
634 1728 
635 1728 
636 1728 
637 1728 
638 1728 
639 1728 
640 1728 
641 1728 
642 1728 
643 1728 
644 1728 
645 1728 
646 1728 
647 1728 
648 1728 
649 1728 
650 1728 
651 1728 
652 1728 
653 1728 
654 1728 
655 1728 
656 1728 
657 1728 
658 1728 
659 1728 
660 1728 
661 1728 
662 1728 
663 1728 
664 1788 
665 1788 
666 1788 
667 1788 
668 1788 
669 1788 
670 1788 
671 1788 
672 1788 
673 1788 
674 1788 
675 1788 
676 1788 
677 1788 
678 1788 
679 1788 
680 1788 
681 1788 
682 1788 
683 1788 
684 1788 
685 1788 
686 1788 
687 1788 
688 1788 
689 1788 
690 1788 
691 1788 
692 1788 
693 1788 
694 1788 
695 1788 
696 1788 
697 1788 
698 1788 
699 1788 
700 1788 
701 1788 
702 1788 
703 1788 
704 1788 
705 1788 
706 1788 
707 1788 
708 1788 
709 1788 
710 1788 
711 1788 
712 1788 
713 1788 
714 1788 
715 1788 
716 1788 
717 1788 
718 1788 
719 1788 
720 1788 
721 1788 
722 1788 
723 1788 
724 1788 
725 1788 
726 1788 
727 1788 
728 1788 
729 1788 
730 1788 
731 1788 
732 1788 
733 1788 
734 1788 
735 1788 
736 1788 
737 1788 
738 1788 
739 1788 
740 1788 
741 1788 
742 1788 
743 1788 
744 1788 
745 1788 
746 1788 
747 1788 
748 1788 
749 1788 
750 1788 
751 1788 
752 1788 
753 1788 
754 1788 
755 1788 
756 1788 
757 1788 
758 1788 
759 1788 
760 1788 
761 1788 
762 1788 
763 1788 
764 1788 
765 1788 
766 1788 
767 1788 
768 1788 
769 1788 
770 1788 
771 1788 
772 1788 
773 1788 
774 1788 
775 1788 
776 1788 
777 1788 
778 1788 
779 1788 
780 1788 
781 1788 
782 1788 
783 1788 
784 1788 
785 1788 
786 1788 
787 1788 
788 1788 
789 1788 
790 1788 
791 1788 
792 1788 
793 1788 
794 1788 
795 1788 
796 1788 
797 1788 
798 1788 
799 1788 
800 1788 
801 1788 
802 1788 
803 1788 
804 1788 
805 1788 
806 1788 
807 1788 
808 1788 
809 1788 
810 1788 
811 1788 
812 1788 
813 1788 
814 1788 
815 1788 
816 1788 
817 1788 
818 1788 
819 1788 
820 1788 
821 1788 
822 1788 
823 1788 
824 1788 
825 1788 
826 1788 
827 1788 
828 1788 
829 1788 
830 1848 
831 1848 
832 1848 
833 1848 
834 1848 
835 1848 
836 1848 
837 1848 
838 1848 
839 1848 
840 1848 
841 1848 
842 1848 
843 1848 
844 1848 
845 1848 
846 1848 
847 1848 
848 1848 
849 1848 
850 1848 
851 1848 
852 1848 
853 1848 
854 1848 
855 1848 
856 1848 
857 1848 
858 1848 
859 1848 
860 1848 
861 1848 
862 1848 
863 1848 
864 1848 
865 1848 
866 1848 
867 1848 
868 1848 
869 1848 
870 1848 
871 1848 
872 1848 
873 1848 
874 1848 
875 1848 
876 1848 
877 1848 
878 1848 
879 1848 
880 1848 
881 1848 
882 1848 
883 1848 
884 1848 
885 1848 
886 1848 
887 1848 
888 1848 
889 1848 
890 1848 
891 1848 
892 1848 
893 1848 
894 1848 
895 1848 
896 1848 
897 1848 
898 1848 
899 1848 
900 1848 
901 1848 
902 1848 
903 1848 
904 1848 
905 1848 
906 1848 
907 1848 
908 1848 
909 1848 
910 1848 
911 1848 
912 1848 
913 1848 
914 1848 
915 1848 
916 1848 
917 1848 
918 1848 
919 1848 
920 1848 
921 1848 
922 1848 
923 1848 
924 1848 
925 1848 
926 1848 
927 1848 
928 1848 
929 1848 
930 1848 
931 1848 
932 1848 
933 1848 
934 1848 
935 1848 
936 1848 
937 1848 
938 1848 
939 1848 
940 1848 
941 1848 
942 1848 
943 1848 
944 1848 
945 1848 
946 1848 
947 1848 
948 1848 
949 1848 
950 1848 
951 1848 
952 1848 
953 1848 
954 1848 
955 1848 
956 1848 
957 1848 
958 1848 
959 1848 
960 1848 
961 1848 
962 1848 
963 1848 
964 1848 
965 1848 
966 1848 
967 1848 
968 1848 
969 1848 
970 1848 
971 1848 
972 1848 
973 1848 
974 1848 
975 1848 
976 1848 
977 1848 
978 1848 
979 1848 
980 1848 
981 1848 
982 1848 
983 1848 
984 1848 
985 1848 
986 1848 
987 1848 
988 1848 
989 1848 
990 1848 
991 1848 
992 1848 
993 1848 
994 1848 
995 1848 
996 1848 
997 1848 
998 1848 
999 1848 
0 1 
1 1 
2 1 
3 2 
4 4 
5 4 
6 4 
7 4 
8 4 
9 4 
10 4 
11 4 
12 4 
13 4 
14 4 
15 4 
16 4 
17 4 
18 4 
19 4 
20 8 
21 8 
22 8 
23 8 
24 8 
25 8 
26 8 
27 8 
28 8 
29 8 
30 8 
31 22 
32 22 
33 22 
34 22 
35 22 
36 22 
37 22 
38 22 
39 22 
40 22 
41 22 
42 22 
43 22 
44 32 
45 124 
46 124 
47 124 
48 124 
49 124 
50 124 
51 124 
52 124 
53 124 
54 124 
55 124 
56 124 
57 124 
58 124 
59 124 
60 124 
61 124 
62 124 
63 124 
64 124 
65 124 
66 124 
67 124 
68 124 
69 124 
70 124 
71 124 
72 124 
73 124 
74 124 
75 124 
76 124 
77 124 
78 124 
79 124 
80 124 
81 124 
82 124 
83 124 
84 172 
85 172 
86 172 
87 172 
88 172 
89 172 
90 172 
91 172 
92 172 
93 172 
94 404 
95 404 
96 404 
97 404 
98 404 
99 404 
100 404 
101 404 
102 404 
103 404 
104 404 
105 404 
106 404 
107 404 
108 404 
109 404 
110 404 
111 404 
112 404 
113 404 
114 404 
115 404 
116 404 
117 404 
118 408 
119 408 
120 408 
121 408 
122 408 
123 408 
124 408 
125 408 
126 408 
127 408 
128 408 
129 408 
130 408 
131 408 
132 408 
133 408 
134 408 
135 408 
136 408 
137 408 
138 408 
139 408 
140 408 
141 408 
142 408 
143 408 
144 408 
145 408 
146 408 
147 408 
148 408 
149 408 
150 408 
151 408 
152 408 
153 408 
154 408 
155 408 
156 408 
157 408 
158 408 
159 408 
160 408 
161 408 
162 408 
163 408 
164 408 
165 408 
166 408 
167 408 
168 408 
169 408 
170 408 
171 408 
172 408 
173 408 
174 408 
175 408 
176 408 
177 408 
178 408 
179 408 
180 408 
181 408 
182 408 
183 408 
184 408 
185 408 
186 408 
187 408 
188 408 
189 408 
190 408 
191 408 
192 408 
193 408 
194 408 
195 408 
196 408 
197 408 
198 408 
199 408 
200 408 
201 408 
202 408 
203 408 
204 408 
205 408 
206 408 
207 408 
208 408 
209 408 
210 408 
211 408 
212 408 
213 408 
214 408 
215 408 
216 408 
217 408 
218 408 
219 408 
220 408 
221 408 
222 408 
223 408 
224 408 
225 408 
226 408 
227 408 
228 408 
229 408 
230 408 
231 408 
232 408 
233 408 
234 408 
235 408 
236 408 
237 408 
238 408 
239 408 
240 408 
241 408 
242 408 
243 408 
244 408 
245 408 
246 408 
247 408 
248 408 
249 408 
250 408 
251 408 
252 408 
253 408 
254 408 
255 408 
256 408 
257 408 
258 408 
259 408 
260 408 
261 408 
262 408 
263 408 
264 408 
265 408 
266 408 
267 408 
268 408 
269 408 
270 408 
271 408 
272 408 
273 408 
274 408 
275 408 
276 408 
277 408 
278 408 
279 408 
280 408 
281 408 
282 408 
283 408 
284 408 
285 408 
286 408 
287 408 
288 408 
289 408 
290 408 
291 408 
292 408 
293 408 
294 408 
295 408 
296 408 
297 408 
298 408 
299 408 
300 408 
301 408 
302 408 
303 408 
304 408 
305 408 
306 408 
307 408 
308 408 
309 408 
310 408 
311 408 
312 408 
313 408 
314 408 
315 408 
316 408 
317 408 
318 408 
319 408 
320 408 
321 408 
322 408 
323 408 
324 408 
325 408 
326 408 
327 408 
328 408 
329 408 
330 408 
331 408 
332 408 
333 408 
334 408 
335 408 
336 408 
337 408 
338 408 
339 408 
340 408 
341 408 
342 408 
343 408 
344 408 
345 408 
346 408 
347 408 
348 408 
349 408 
350 408 
351 408 
352 408 
353 408 
354 408 
355 408 
356 408 
357 408 
358 408 
359 408 
360 408 
361 408 
362 408 
363 408 
364 408 
365 408 
366 408 
367 408 
368 408 
369 408 
370 408 
371 408 
372 408 
373 408 
374 408 
375 408 
376 408 
377 408 
378 408 
379 408 
380 408 
381 408 
382 408 
383 408 
384 408 
385 408 
386 408 
387 408 
388 408 
389 408 
390 408 
391 408 
392 408 
393 408 
394 408 
395 408 
396 408 
397 408 
398 408 
399 408 
400 408 
401 408 
402 408 
403 408 
404 408 
405 408 
406 408 
407 408 
408 408 
409 408 
410 408 
411 408 
412 408 
413 408 
414 408 
415 408 
416 408 
417 408 
418 408 
419 408 
420 408 
421 408 
422 408 
423 408 
424 408 
425 408 
426 408 
427 408 
428 408 
429 408 
430 408 
431 408 
432 408 
433 408 
434 408 
435 408 
436 408 
437 408 
438 408 
439 408 
440 408 
441 408 
442 408 
443 408 
444 408 
445 408 
446 408 
447 408 
448 408 
449 408 
450 408 
451 408 
452 408 
453 408 
454 408 
455 408 
456 408 
457 408 
458 408 
459 408 
460 408 
461 408 
462 408 
463 408 
464 408 
465 408 
466 408 
467 408 
468 408 
469 408 
470 408 
471 408 
472 408 
473 408 
474 408 
475 408 
476 408 
477 408 
478 408 
479 408 
480 408 
481 408 
482 408 
483 408 
484 408 
485 408 
486 408 
487 408 
488 540 
489 540 
490 540 
491 540 
492 540 
493 540 
494 540 
495 540 
496 540 
497 540 
498 540 
499 540 
500 540 
501 540 
502 540 
503 612 
504 612 
505 612 
506 612 
507 612 
508 612 
509 612 
510 612 
511 612 
512 612 
513 612 
514 612 
515 612 
516 612 
517 612 
518 612 
519 612 
520 612 
521 612 
522 612 
523 612 
524 612 
525 612 
526 612 
527 612 
528 612 
529 612 
530 612 
531 612 
532 612 
533 612 
534 612 
535 612 
536 612 
537 612 
538 612 
539 612 
540 612 
541 612 
542 612 
543 612 
544 612 
545 612 
546 612 
547 612 
548 612 
549 612 
550 612 
551 612 
552 612 
553 612 
554 612 
555 612 
556 612 
557 612 
558 612 
559 612 
560 612 
561 612 
562 612 
563 612 
564 612 
565 612 
566 612 
567 612 
568 612 
569 612 
570 612 
571 612 
572 612 
573 612 
574 612 
575 612 
576 612 
577 612 
578 612 
579 612 
580 612 
581 612 
582 612 
583 612 
584 612 
585 612 
586 612 
587 612 
588 612 
589 612 
590 612 
591 612 
592 612 
593 612 
594 612 
595 612 
596 612 
597 612 
598 612 
599 612 
600 612 
601 612 
602 612 
603 620 
604 620 
605 620 
606 620 
607 620 
608 620 
609 620 
610 620 
611 620 
612 620 
613 620 
614 620 
615 620 
616 620 
617 620 
618 620 
619 620 
620 620 
621 620 
622 620 
623 620 
624 620 
625 620 
626 620 
627 620 
628 620 
629 620 
630 620 
631 620 
632 620 
633 620 
634 620 
635 620 
636 620 
637 620 
638 620 
639 620 
640 620 
641 620 
642 620 
643 620 
644 620 
645 620 
646 620 
647 620 
648 620 
649 620 
650 620 
651 620 
652 620 
653 620 
654 620 
655 620 
656 620 
657 660 
658 660 
659 660 
660 660 
661 660 
662 660 
663 660 
664 660 
665 660 
666 660 
667 660 
668 660 
669 660 
670 660 
671 660 
672 660 
673 660 
674 660 
675 660 
676 660 
677 660 
678 660 
679 660 
680 660 
681 660 
682 660 
683 660 
684 660 
685 660 
686 660 
687 660 
688 660 
689 660 
690 660 
691 660 
692 660 
693 660 
694 660 
695 660 
696 660 
697 660 
698 660 
699 660 
700 660 
701 660 
702 660 
703 660 
704 660 
705 660 
706 660 
707 660 
708 660 
709 660 
710 660 
711 812 
712 812 
713 812 
714 812 
715 812 
716 812 
717 812 
718 812 
719 812 
720 812 
721 812 
722 812 
723 812 
724 812 
725 812 
726 812 
727 812 
728 812 
729 812 
730 812 
731 812 
732 812 
733 812 
734 812 
735 812 
736 812 
737 812 
738 812 
739 812 
740 812 
741 812 
742 812 
743 812 
744 812 
745 812 
746 812 
747 812 
748 812 
749 812 
750 812 
751 812 
752 812 
753 812 
754 812 
755 812 
756 812 
757 812 
758 812 
759 812 
760 812 
761 812 
762 812 
763 812 
764 812 
765 812 
766 812 
767 812 
768 812 
769 812 
770 812 
771 812 
772 812 
773 812 
774 812 
775 812 
776 812 
777 812 
778 812 
779 812 
780 812 
781 812 
782 812 
783 812 
784 812 
785 812 
786 812 
787 812 
788 812 
789 812 
790 812 
791 812 
792 812 
793 812 
794 812 
795 812 
796 812 
797 812 
798 812 
799 812 
800 812 
801 812 
802 812 
803 812 
804 812 
805 812 
806 812 
807 812 
808 812 
809 812 
810 812 
811 812 
812 812 
813 812 
814 812 
815 812 
816 812 
817 812 
818 812 
819 812 
820 812 
821 812 
822 812 
823 812 
824 812 
825 812 
826 812 
827 812 
828 812 
829 812 
830 812 
831 812 
832 812 
833 812 
834 812 
835 812 
836 812 
837 812 
838 812 
839 812 
840 812 
841 812 
842 812 
843 812 
844 812 
845 812 
846 812 
847 812 
848 812 
849 812 
850 812 
851 812 
852 812 
853 812 
854 812 
855 812 
856 812 
857 812 
858 812 
859 812 
860 812 
861 812 
862 812 
863 812 
864 812 
865 812 
866 812 
867 812 
868 812 
869 812 
870 812 
871 812 
872 812 
873 812 
874 812 
875 812 
876 812 
877 812 
878 812 
879 812 
880 812 
881 812 
882 812 
883 812 
884 812 
885 812 
886 812 
887 812 
888 812 
889 812 
890 812 
891 812 
892 812 
893 812 
894 812 
895 812 
896 812 
897 812 
898 812 
899 812 
900 812 
901 812 
902 812 
903 812 
904 812 
905 812 
906 812 
907 812 
908 812 
909 812 
910 812 
911 812 
912 812 
913 812 
914 812 
915 812 
916 812 
917 812 
918 812 
919 812 
920 812 
921 812 
922 812 
923 812 
924 812 
925 812 
926 812 
927 812 
928 812 
929 812 
930 812 
931 812 
932 812 
933 812 
934 812 
935 812 
936 812 
937 812 
938 812 
939 812 
940 812 
941 812 
942 812 
943 812 
944 812 
945 812 
946 812 
947 812 
948 812 
949 812 
950 812 
951 812 
952 812 
953 812 
954 812 
955 812 
956 812 
957 812 
958 812 
959 812 
960 812 
961 812 
962 852 
963 852 
964 852 
965 852 
966 852 
967 852 
968 852 
969 852 
970 852 
971 852 
972 852 
973 852 
974 852 
975 852 
976 852 
977 852 
978 852 
979 852 
980 852 
981 852 
982 852 
983 852 
984 852 
985 852 
986 852 
987 852 
988 852 
989 852 
990 852 
991 852 
992 852 
993 852 
994 892 
995 892 
996 892 
997 892 
998 892 
999 892 
0 1 
1 1 
2 4 
3 4 
4 4 
5 4 
6 4 
7 4 
8 4 
9 4 
10 4 
11 4 
12 4 
13 12 
14 12 
15 12 
16 12 
17 16 
18 16 
19 16 
20 36 
21 36 
22 36 
23 60 
24 60 
25 60 
26 60 
27 68 
28 68 
29 148 
30 172 
31 172 
32 172 
33 172 
34 172 
35 484 
36 484 
37 484 
38 484 
39 484 
40 624 
41 624 
42 624 
43 624 
44 624 
45 624 
46 624 
47 624 
48 624 
49 624 
50 624 
51 624 
52 624 
53 624 
54 624 
55 624 
56 624 
57 624 
58 624 
59 624 
60 624 
61 624 
62 624 
63 624 
64 624 
65 624 
66 624 
67 624 
68 624 
69 624 
70 624 
71 624 
72 624 
73 624 
74 624 
75 624 
76 624 
77 624 
78 624 
79 624 
80 624 
81 624 
82 624 
83 624 
84 624 
85 624 
86 624 
87 624 
88 624 
89 624 
90 624 
91 640 
92 640 
93 640 
94 640 
95 640 
96 640 
97 640 
98 640 
99 640 
100 640 
101 640 
102 640 
103 640 
104 640 
105 640 
106 640 
107 640 
108 640 
109 640 
110 640 
111 640 
112 640 
113 640 
114 640 
115 640 
116 640 
117 640 
118 640 
119 640 
120 640 
121 640 
122 640 
123 640 
124 640 
125 640 
126 640 
127 640 
128 640 
129 640 
130 640 
131 640 
132 776 
133 776 
134 776 
135 776 
136 776 
137 776 
138 776 
139 776 
140 776 
141 776 
142 776 
143 776 
144 776 
145 776 
146 776 
147 776 
148 776 
149 776 
150 776 
151 776 
152 776 
153 776 
154 776 
155 776 
156 776 
157 776 
158 776 
159 776 
160 776 
161 776 
162 876 
163 876 
164 876 
165 876 
166 876 
167 876 
168 876 
169 876 
170 876 
171 876 
172 876 
173 876 
174 876 
175 876 
176 876 
177 876 
178 876 
179 876 
180 876 
181 876 
182 876 
183 876 
184 876 
185 876 
186 876 
187 876 
188 876 
189 876 
190 876 
191 876 
192 876 
193 876 
194 876 
195 876 
196 876 
197 876 
198 876 
199 876 
200 876 
201 876 
202 876 
203 876 
204 876 
205 876 
206 876 
207 876 
208 876 
209 876 
210 876 
211 876 
212 876 
213 876 
214 876 
215 876 
216 876 
217 876 
218 876 
219 876 
220 876 
221 876 
222 876 
223 876 
224 876 
225 876 
226 876 
227 876 
228 876 
229 876 
230 876 
231 876 
232 876 
233 876 
234 876 
235 876 
236 876 
237 876 
238 876 
239 876 
240 876 
241 876 
242 876 
243 876 
244 876 
245 876 
246 876 
247 876 
248 876 
249 876 
250 876 
251 876 
252 876 
253 876 
254 876 
255 876 
256 876 
257 876 
258 876 
259 876 
260 876 
261 876 
262 876 
263 876 
264 876 
265 876 
266 876 
267 876 
268 876 
269 876 
270 876 
271 876 
272 876 
273 876 
274 876 
275 876 
276 876 
277 876 
278 876 
279 876 
280 876 
281 876 
282 876 
283 876 
284 876 
285 876 
286 876 
287 876 
288 876 
289 876 
290 876 
291 876 
292 876 
293 876 
294 876 
295 876 
296 876 
297 876 
298 876 
299 876 
300 876 
301 876 
302 876 
303 876 
304 876 
305 876 
306 876 
307 876 
308 876 
309 876 
310 876 
311 876 
312 876 
313 876 
314 876 
315 876 
316 876 
317 876 
318 876 
319 876 
320 876 
321 876 
322 876 
323 876 
324 876 
325 876 
326 876 
327 876 
328 876 
329 876 
330 876 
331 876 
332 876 
333 876 
334 876 
335 876 
336 876 
337 876 
338 876 
339 876 
340 876 
341 876 
342 876 
343 876 
344 876 
345 876 
346 876 
347 876 
348 876 
349 876 
350 876 
351 876 
352 876 
353 876 
354 876 
355 876 
356 876 
357 876 
358 876 
359 876 
360 876 
361 876 
362 912 
363 912 
364 912 
365 912 
366 912 
367 912 
368 912 
369 912 
370 912 
371 912 
372 912 
373 912 
374 912 
375 912 
376 912 
377 912 
378 912 
379 912 
380 912 
381 912 
382 912 
383 912 
384 912 
385 912 
386 912 
387 912 
388 912 
389 912 
390 912 
391 912 
392 912 
393 912 
394 912 
395 912 
396 912 
397 912 
398 912 
399 912 
400 912 
401 912 
402 912 
403 912 
404 912 
405 912 
406 912 
407 912 
408 912 
409 912 
410 912 
411 912 
412 912 
413 912 
414 912 
415 912 
416 912 
417 912 
418 912 
419 912 
420 912 
421 912 
422 912 
423 912 
424 912 
425 912 
426 912 
427 912 
428 912 
429 912 
430 912 
431 912 
432 912 
433 912 
434 912 
435 912 
436 912 
437 912 
438 912 
439 912 
440 912 
441 912 
442 912 
443 912 
444 912 
445 912 
446 912 
447 912 
448 912 
449 912 
450 912 
451 912 
452 912 
453 912 
454 912 
455 912 
456 912 
457 912 
458 912 
459 912 
460 912 
461 912 
462 912 
463 912 
464 912 
465 912 
466 912 
467 912 
468 912 
469 912 
470 912 
471 912 
472 912 
473 912 
474 912 
475 912 
476 912 
477 912 
478 912 
479 912 
480 912 
481 912 
482 912 
483 912 
484 912 
485 912 
486 912 
487 912 
488 912 
489 912 
490 912 
491 912 
492 912 
493 912 
494 912 
495 912 
496 912 
497 912 
498 912 
499 912 
500 912 
501 912 
502 912 
503 912 
504 912 
505 912 
506 912 
507 912 
508 912 
509 912 
510 912 
511 912 
512 912 
513 912 
514 912 
515 912 
516 912 
517 912 
518 912 
519 912 
520 912 
521 912 
522 912 
523 912 
524 912 
525 912 
526 912 
527 912 
528 912 
529 912 
530 912 
531 912 
532 912 
533 912 
534 912 
535 912 
536 912 
537 912 
538 912 
539 912 
540 912 
541 912 
542 912 
543 912 
544 912 
545 912 
546 912 
547 912 
548 912 
549 912 
550 912 
551 912 
552 912 
553 912 
554 912 
555 912 
556 912 
557 912 
558 912 
559 912 
560 912 
561 912 
562 912 
563 912 
564 1100 
565 1100 
566 1100 
567 1100 
568 1100 
569 1100 
570 1100 
571 1100 
572 1100 
573 1100 
574 1100 
575 1100 
576 1100 
577 1100 
578 1100 
579 1100 
580 1100 
581 1100 
582 1100 
583 1100 
584 1100 
585 1100 
586 1100 
587 1100 
588 1100 
589 1100 
590 1100 
591 1100 
592 1100 
593 1100 
594 1100 
595 1100 
596 1100 
597 1100 
598 1100 
599 1100 
600 1100 
601 1100 
602 1100 
603 1100 
604 1100 
605 1100 
606 1100 
607 1100 
608 1100 
609 1100 
610 1100 
611 1100 
612 1100 
613 1100 
614 1100 
615 1100 
616 1100 
617 1100 
618 1100 
619 1100 
620 1100 
621 1100 
622 1100 
623 1100 
624 1100 
625 1100 
626 1100 
627 1100 
628 1100 
629 1100 
630 1100 
631 1100 
632 1100 
633 1100 
634 1100 
635 1100 
636 1100 
637 1100 
638 1100 
639 1100 
640 1100 
641 1100 
642 1100 
643 1100 
644 1100 
645 1100 
646 1100 
647 1100 
648 1100 
649 1100 
650 1100 
651 1100 
652 1100 
653 1100 
654 1100 
655 1100 
656 1100 
657 1100 
658 1100 
659 1100 
660 1100 
661 1100 
662 1100 
663 1100 
664 1100 
665 1100 
666 1100 
667 1100 
668 1100 
669 1100 
670 1100 
671 1100 
672 1100 
673 1100 
674 1100 
675 1100 
676 1100 
677 1100 
678 1100 
679 1100 
680 1100 
681 1100 
682 1100 
683 1100 
684 1100 
685 1100 
686 1100 
687 1100 
688 1100 
689 1100 
690 1100 
691 1100 
692 1100 
693 1100 
694 1100 
695 1100 
696 1100 
697 1100 
698 1100 
699 1100 
700 1100 
701 1100 
702 1100 
703 1100 
704 1100 
705 1100 
706 1100 
707 1100 
708 1100 
709 1100 
710 1100 
711 1100 
712 1100 
713 1100 
714 1100 
715 1100 
716 1100 
717 1100 
718 1100 
719 1100 
720 1100 
721 1100 
722 1100 
723 1100 
724 1100 
725 1100 
726 1100 
727 1100 
728 1100 
729 1100 
730 1100 
731 1100 
732 1100 
733 1100 
734 1100 
735 1100 
736 1100 
737 1100 
738 1100 
739 1100 
740 1100 
741 1100 
742 1100 
743 1100 
744 1100 
745 1100 
746 1100 
747 1100 
748 1100 
749 1100 
750 1100 
751 1100 
752 1100 
753 1100 
754 1100 
755 1100 
756 1100 
757 1100 
758 1100 
759 1100 
760 1100 
761 1100 
762 1100 
763 1100 
764 1100 
765 1100 
766 1100 
767 1100 
768 1100 
769 1100 
770 1100 
771 1100 
772 1100 
773 1100 
774 1100 
775 1100 
776 1100 
777 1100 
778 1100 
779 1100 
780 1100 
781 1100 
782 1100 
783 1100 
784 1100 
785 1100 
786 1100 
787 1100 
788 1100 
789 1100 
790 1100 
791 1100 
792 1100 
793 1100 
794 1100 
795 1100 
796 1100 
797 1100 
798 1100 
799 1100 
800 1100 
801 1100 
802 1100 
803 1100 
804 1100 
805 1100 
806 1100 
807 1100 
808 1100 
809 1100 
810 1100 
811 1100 
812 1100 
813 1100 
814 1100 
815 1100 
816 1100 
817 1100 
818 1100 
819 1100 
820 1100 
821 1100 
822 1100 
823 1100 
824 1100 
825 1100 
826 1100 
827 1100 
828 1100 
829 1100 
830 1100 
831 1100 
832 1100 
833 1100 
834 1100 
835 1100 
836 1100 
837 1100 
838 1100 
839 1100 
840 1100 
841 1100 
842 1100 
843 1100 
844 1100 
845 1100 
846 1100 
847 1100 
848 1100 
849 1100 
850 1100 
851 1100 
852 1100 
853 1100 
854 1100 
855 1100 
856 1100 
857 1100 
858 1100 
859 1100 
860 1100 
861 1100 
862 1100 
863 1100 
864 1100 
865 1100 
866 1100 
867 1100 
868 1100 
869 1100 
870 1100 
871 1100 
872 1100 
873 1100 
874 1100 
875 1100 
876 1100 
877 1100 
878 1100 
879 1100 
880 1100 
881 1100 
882 1100 
883 1100 
884 1100 
885 1100 
886 1100 
887 1100 
888 1100 
889 1100 
890 1100 
891 1100 
892 1100 
893 1100 
894 1100 
895 1100 
896 1100 
897 1100 
898 1100 
899 1100 
900 1100 
901 1100 
902 1100 
903 1100 
904 1100 
905 1100 
906 1100 
907 1100 
908 1100 
909 1100 
910 1100 
911 1100 
912 1100 
913 1100 
914 1100 
915 1100 
916 1100 
917 1100 
918 1100 
919 1100 
920 1100 
921 1100 
922 1100 
923 1100 
924 1100 
925 1100 
926 1100 
927 1100 
928 1100 
929 1100 
930 1100 
931 1100 
932 1100 
933 1100 
934 1100 
935 1100 
936 1100 
937 1100 
938 1100 
939 1100 
940 1100 
941 1100 
942 1100 
943 1100 
944 1100 
945 1100 
946 1236 
947 1236 
948 1236 
949 1236 
950 1236 
951 1236 
952 1236 
953 1236 
954 1236 
955 1236 
956 1236 
957 1236 
958 1236 
959 1236 
960 1236 
961 1236 
962 1236 
963 1236 
964 1236 
965 1236 
966 1236 
967 1236 
968 1236 
969 1236 
970 1236 
971 1236 
972 1236 
973 1236 
974 1236 
975 1236 
976 1236 
977 1236 
978 1236 
979 1236 
980 1236 
981 1236 
982 1236 
983 1236 
984 1236 
985 1236 
986 1236 
987 1236 
988 1236 
989 1236 
990 1236 
991 1236 
992 1236 
993 1236 
994 1236 
995 1236 
996 1236 
997 1236 
998 1236 
999 1236 
0 1 
1 1 
2 1 
3 1 
4 4 
5 4 
6 4 
7 4 
8 4 
9 4 
10 4 
11 4 
12 4 
13 8 
14 8 
15 8 
16 8 
17 8 
18 8 
19 8 
20 8 
21 8 
22 8 
23 8 
24 8 
25 8 
26 16 
27 16 
28 16 
29 120 
30 120 
31 120 
32 120 
33 120 
34 120 
35 120 
36 120 
37 120 
38 120 
39 148 
40 164 
41 164 
42 164 
43 164 
44 176 
45 176 
46 176 
47 176 
48 176 
49 176 
50 176 
51 180 
52 180 
53 180 
54 180 
55 180 
56 180 
57 180 
58 180 
59 208 
60 208 
61 208 
62 208 
63 208 
64 240 
65 240 
66 240 
67 240 
68 240 
69 240 
70 240 
71 240 
72 360 
73 360 
74 360 
75 360 
76 360 
77 360 
78 360 
79 360 
80 360 
81 664 
82 664 
83 664 
84 664 
85 920 
86 920 
87 920 
88 920 
89 920 
90 920 
91 920 
92 920 
93 920 
94 920 
95 920 
96 920 
97 920 
98 920 
99 920 
100 920 
101 920 
102 920 
103 920 
104 920 
105 920 
106 920 
107 920 
108 920 
109 920 
110 980 
111 980 
112 980 
113 980 
114 980 
115 980 
116 980 
117 980 
118 980 
119 980 
120 980 
121 980 
122 980 
123 1020 
124 1020 
125 1220 
126 1220 
127 1220 
128 1220 
129 1220 
130 1220 
131 1220 
132 1220 
133 1220 
134 1220 
135 1220 
136 1220 
137 1220 
138 1220 
139 1220 
140 1220 
141 1220 
142 1220 
143 1220 
144 1220 
145 1224 
146 1224 
147 1224 
148 1224 
149 1224 
150 1672 
151 1672 
152 1672 
153 1672 
154 1672 
155 1672 
156 1672 
157 1672 
158 1672 
159 1672 
160 1672 
161 1672 
162 1672 
163 1672 
164 1672 
165 1672 
166 1672 
167 1672 
168 1672 
169 1672 
170 1672 
171 1672 
172 1672 
173 1672 
174 1672 
175 1672 
176 1672 
177 1672 
178 1672 
179 1672 
180 1672 
181 1672 
182 1672 
183 1672 
184 1672 
185 1672 
186 1672 
187 1672 
188 1672 
189 1672 
190 1672 
191 1672 
192 1672 
193 1672 
194 1672 
195 1672 
196 1672 
197 1672 
198 1672 
199 1672 
200 1672 
201 1672 
202 1672 
203 1672 
204 1672 
205 1672 
206 1672 
207 1672 
208 1672 
209 1672 
210 1672 
211 1672 
212 1672 
213 1672 
214 1672 
215 1672 
216 1672 
217 1672 
218 1672 
219 1672 
220 1672 
221 1672 
222 1672 
223 2060 
224 2060 
225 2060 
226 2060 
227 2060 
228 2060 
229 2060 
230 2060 
231 2060 
232 2060 
233 2060 
234 2060 
235 2060 
236 2060 
237 2060 
238 2060 
239 2060 
240 2060 
241 2060 
242 2060 
243 2060 
244 2060 
245 2060 
246 2060 
247 2060 
248 2060 
249 2060 
250 2060 
251 2060 
252 2060 
253 2060 
254 2060 
255 2060 
256 2060 
257 2060 
258 2060 
259 2060 
260 2060 
261 2060 
262 2060 
263 2060 
264 2060 
265 2060 
266 2060 
267 2060 
268 2060 
269 2060 
270 2060 
271 2060 
272 2060 
273 2060 
274 2060 
275 2060 
276 2060 
277 2060 
278 2060 
279 2060 
280 2060 
281 2060 
282 2060 
283 2060 
284 2060 
285 2060 
286 2060 
287 2060 
288 2060 
289 2060 
290 2060 
291 2060 
292 2060 
293 2060 
294 2060 
295 2060 
296 2060 
297 2060 
298 2060 
299 2060 
300 2060 
301 2060 
302 2060 
303 2060 
304 2060 
305 2060 
306 2060 
307 2060 
308 2060 
309 2060 
310 2060 
311 2060 
312 2060 
313 2060 
314 2060 
315 2060 
316 2060 
317 2060 
318 2060 
319 2060 
320 2060 
321 2060 
322 2060 
323 2060 
324 2060 
325 2060 
326 2060 
327 2060 
328 2136 
329 2136 
330 2136 
331 2136 
332 2136 
333 2136 
334 2136 
335 2136 
336 2136 
337 2136 
338 2136 
339 2136 
340 2136 
341 2136 
342 2136 
343 2136 
344 2136 
345 2136 
346 2136 
347 2136 
348 2136 
349 2136 
350 2260 
351 2260 
352 2260 
353 2260 
354 2260 
355 2260 
356 2260 
357 2260 
358 2260 
359 2260 
360 2260 
361 2260 
362 2260 
363 2268 
364 2268 
365 2268 
366 2268 
367 2268 
368 2268 
369 2268 
370 2268 
371 2268 
372 2268 
373 2672 
374 2672 
375 2672 
376 2672 
377 2672 
378 2672 
379 2672 
380 2672 
381 3204 
382 3204 
383 3204 
384 3204 
385 3204 
386 3204 
387 3204 
388 3204 
389 3204 
390 3204 
391 3204 
392 3204 
393 3204 
394 3204 
395 3204 
396 3204 
397 3204 
398 3204 
399 3204 
400 3204 
401 3204 
402 3204 
403 3204 
404 3204 
405 3204 
406 3204 
407 3204 
408 3204 
409 3204 
410 3204 
411 3204 
412 3204 
413 3204 
414 3204 
415 3252 
416 3252 
417 3252 
418 3252 
419 3252 
420 3252 
421 3252 
422 3252 
423 3252 
424 3252 
425 3252 
426 3252 
427 3252 
428 3280 
429 3280 
430 3280 
431 3280 
432 3280 
433 3280 
434 3280 
435 3280 
436 3820 
437 3820 
438 3820 
439 3820 
440 3820 
441 3820 
442 3820 
443 3820 
444 3820 
445 3820 
446 3820 
447 3820 
448 3820 
449 3820 
450 3820 
451 3820 
452 3820 
453 3820 
454 3820 
455 3820 
456 3820 
457 3820 
458 3820 
459 3820 
460 3820 
461 3820 
462 3820 
463 3820 
464 3820 
465 3820 
466 3820 
467 3820 
468 3820 
469 3820 
470 3820 
471 3820 
472 3820 
473 3820 
474 3820 
475 3820 
476 3820 
477 3820 
478 3820 
479 3820 
480 3820 
481 3820 
482 3820 
483 3820 
484 3820 
485 3820 
486 3820 
487 3820 
488 3820 
489 3820 
490 3820 
491 3820 
492 3820 
493 3820 
494 3820 
495 3820 
496 3820 
497 3820 
498 3820 
499 3820 
500 3820 
501 3820 
502 3820 
503 3820 
504 3820 
505 3820 
506 3820 
507 3820 
508 3820 
509 3820 
510 3820 
511 3820 
512 3820 
513 3820 
514 3820 
515 3820 
516 3820 
517 3820 
518 3820 
519 3820 
520 3820 
521 3820 
522 3820 
523 3820 
524 3820 
525 3820 
526 3820 
527 3820 
528 3820 
529 3820 
530 3820 
531 3820 
532 3820 
533 3820 
534 3820 
535 3820 
536 3820 
537 3820 
538 3820 
539 3820 
540 3820 
541 3820 
542 3820 
543 3820 
544 3820 
545 3820 
546 3820 
547 3820 
548 3820 
549 3820 
550 3820 
551 3820 
552 3820 
553 3820 
554 3820 
555 3820 
556 3820 
557 3820 
558 3820 
559 3820 
560 3820 
561 3820 
562 3820 
563 3820 
564 3820 
565 3820 
566 3820 
567 3820 
568 3820 
569 3820 
570 3820 
571 3820 
572 3820 
573 3820 
574 3820 
575 3820 
576 3820 
577 3820 
578 3820 
579 3820 
580 3820 
581 3820 
582 3820 
583 3820 
584 3820 
585 3820 
586 3820 
587 3820 
588 3820 
589 3820 
590 3820 
591 3820 
592 3820 
593 3820 
594 3820 
595 3820 
596 3820 
597 3820 
598 3820 
599 3820 
600 3820 
601 3820 
602 3820 
603 3820 
604 3820 
605 3820 
606 3820 
607 3820 
608 3820 
609 3820 
610 3820 
611 3820 
612 3820 
613 3820 
614 3820 
615 3820 
616 3820 
617 3820 
618 3820 
619 3820 
620 3820 
621 3820 
622 3820 
623 3820 
624 3820 
625 3820 
626 3820 
627 3820 
628 3820 
629 3820 
630 3820 
631 3820 
632 3820 
633 3820 
634 3820 
635 3820 
636 3820 
637 3820 
638 3820 
639 3820 
640 3820 
641 3820 
642 3820 
643 3820 
644 3820 
645 3820 
646 3820 
647 3820 
648 3820 
649 3820 
650 3820 
651 3820 
652 3820 
653 3820 
654 3820 
655 3820 
656 3820 
657 3820 
658 3820 
659 3820 
660 3820 
661 3820 
662 3820 
663 3820 
664 3820 
665 3820 
666 3820 
667 3820 
668 3820 
669 3820 
670 3820 
671 3820 
672 3820 
673 3820 
674 3820 
675 3820 
676 3820 
677 3820 
678 3820 
679 3820 
680 3820 
681 3820 
682 3820 
683 3820 
684 3820 
685 3820 
686 3820 
687 3820 
688 3820 
689 3820 
690 3820 
691 3820 
692 3820 
693 3820 
694 3820 
695 3820 
696 3820 
697 3820 
698 3820 
699 3820 
700 3820 
701 3820 
702 3820 
703 3820 
704 3820 
705 3820 
706 3820 
707 3820 
708 3820 
709 3820 
710 3820 
711 3820 
712 3820 
713 3820 
714 3820 
715 3820 
716 3820 
717 3820 
718 3820 
719 3820 
720 3820 
721 3820 
722 3820 
723 3820 
724 3820 
725 3820 
726 3820 
727 3820 
728 3820 
729 3820 
730 3820 
731 3820 
732 3820 
733 3820 
734 3820 
735 3820 
736 3820 
737 3820 
738 3820 
739 3820 
740 3820 
741 3820 
742 3820 
743 3820 
744 3820 
745 3820 
746 3820 
747 3820 
748 3820 
749 3820 
750 3820 
751 3820 
752 3820 
753 3820 
754 3820 
755 3820 
756 3820 
757 3820 
758 3820 
759 3820 
760 3820 
761 3820 
762 3820 
763 3820 
764 3820 
765 3820 
766 3820 
767 3820 
768 3820 
769 3820 
770 3820 
771 3820 
772 3820 
773 3820 
774 3820 
775 3820 
776 3820 
777 3820 
778 3820 
779 3820 
780 3820 
781 3820 
782 3820 
783 3820 
784 3820 
785 3820 
786 3820 
787 3820 
788 3820 
789 3820 
790 3820 
791 3820 
792 3820 
793 3820 
794 3820 
795 3820 
796 3820 
797 3820 
798 3820 
799 3820 
800 3820 
801 3820 
802 3820 
803 3820 
804 3820 
805 3820 
806 3820 
807 3820 
808 3820 
809 3820 
810 3820 
811 3820 
812 3820 
813 3820 
814 3820 
815 3820 
816 3820 
817 3820 
818 3820 
819 3820 
820 3820 
821 3820 
822 3820 
823 3820 
824 3820 
825 3820 
826 3820 
827 3820 
828 3820 
829 3820 
830 3820 
831 3820 
832 3820 
833 3820 
834 3820 
835 3820 
836 3820 
837 3820 
838 3820 
839 3820 
840 3820 
841 3820 
842 3820 
843 3820 
844 3820 
845 3820 
846 3820 
847 3820 
848 3820 
849 3820 
850 3820 
851 3820 
852 3820 
853 3820 
854 3820 
855 3820 
856 3820 
857 3820 
858 3820 
859 3820 
860 3820 
861 3820 
862 3820 
863 3820 
864 3820 
865 3820 
866 3820 
867 3820 
868 3820 
869 3820 
870 3820 
871 3820 
872 3820 
873 3820 
874 3820 
875 3820 
876 3820 
877 3820 
878 3820 
879 3820 
880 3820 
881 3820 
882 3820 
883 3820 
884 3820 
885 3820 
886 3820 
887 3820 
888 3820 
889 3820 
890 3820 
891 3820 
892 3820 
893 3820 
894 3820 
895 3820 
896 3820 
897 3820 
898 3820 
899 3820 
900 3820 
901 3820 
902 3820 
903 3820 
904 3820 
905 3820 
906 3820 
907 3820 
908 3820 
909 3820 
910 3820 
911 3820 
912 3820 
913 3820 
914 3820 
915 3820 
916 3820 
917 3820 
918 3820 
919 3820 
920 3820 
921 3820 
922 3820 
923 3820 
924 3820 
925 3820 
926 3820 
927 3820 
928 3820 
929 3820 
930 3820 
931 3820 
932 3820 
933 3820 
934 4016 
935 4016 
936 4016 
937 4016 
938 4016 
939 4016 
940 4016 
941 4016 
942 4016 
943 4016 
944 4016 
945 4016 
946 4016 
947 4016 
948 4016 
949 4016 
950 4016 
951 4016 
952 4016 
953 4016 
954 4016 
955 4016 
956 4016 
957 4016 
958 4016 
959 4016 
960 4016 
961 4016 
962 4016 
963 4016 
964 4016 
965 4016 
966 4016 
967 4016 
968 4016 
969 4016 
970 4016 
971 4016 
972 4016 
973 4016 
974 4016 
975 4016 
976 4016 
977 4016 
978 4016 
979 4016 
980 4016 
981 4016 
982 4016 
983 4016 
984 4016 
985 4016 
986 4016 
987 4016 
988 4016 
989 4016 
990 4016 
991 4016 
992 4016 
993 4016 
994 4016 
995 4016 
996 4016 
997 4016 
998 4016 
999 4016 
0 1 
1 1 
2 1 
3 4 
4 4 
5 4 
6 4 
7 4 
8 4 
9 4 
10 4 
11 4 
12 4 
13 4 
14 4 
15 4 
16 4 
17 4 
18 4 
19 4 
20 4 
21 4 
22 4 
23 4 
24 4 
25 4 
26 4 
27 4 
28 4 
29 4 
30 4 
31 4 
32 4 
33 4 
34 4 
35 4 
36 4 
37 4 
38 4 
39 4 
40 4 
41 4 
42 4 
43 4 
44 4 
45 4 
46 4 
47 4 
48 4 
49 4 
50 4 
51 4 
52 4 
53 4 
54 4 
55 4 
56 4 
57 4 
58 4 
59 4 
60 4 
61 4 
62 4 
63 8 
64 8 
65 8 
66 8 
67 8 
68 8 
69 8 
70 8 
71 8 
72 8 
73 8 
74 8 
75 8 
76 8 
77 8 
78 8 
79 8 
80 8 
81 8 
82 8 
83 8 
84 12 
85 12 
86 12 
87 12 
88 12 
89 12 
90 12 
91 12 
92 16 
93 16 
94 16 
95 16 
96 16 
97 16 
98 16 
99 16 
100 40 
101 98 
102 240 
103 240 
104 240 
105 440 
106 440 
107 440 
108 440 
109 440 
110 440 
111 440 
112 440 
113 440 
114 440 
115 440 
116 440 
117 440 
118 440 
119 440 
120 440 
121 440 
122 440 
123 440 
124 440 
125 440 
126 440 
127 440 
128 440 
129 440 
130 440 
131 440 
132 440 
133 440 
134 440 
135 440 
136 440 
137 440 
138 448 
139 448 
140 448 
141 448 
142 448 
143 448 
144 448 
145 448 
146 448 
147 448 
148 448 
149 448 
150 448 
151 448 
152 448 
153 448 
154 448 
155 448 
156 448 
157 448 
158 448 
159 448 
160 448 
161 448 
162 448 
163 448 
164 448 
165 448 
166 448 
167 448 
168 448 
169 448 
170 448 
171 448 
172 448 
173 448 
174 448 
175 448 
176 448 
177 448 
178 448 
179 448 
180 448 
181 448 
182 448 
183 448 
184 448 
185 448 
186 448 
187 448 
188 448 
189 448 
190 448 
191 448 
192 448 
193 448 
194 448 
195 448 
196 448 
197 448 
198 448 
199 448 
200 448 
201 448 
202 448 
203 448 
204 448 
205 448 
206 448 
207 448 
208 448 
209 448 
210 448 
211 448 
212 448 
213 448 
214 448 
215 448 
216 448 
217 448 
218 484 
219 484 
220 484 
221 484 
222 484 
223 484 
224 484 
225 484 
226 484 
227 484 
228 484 
229 484 
230 484 
231 484 
232 484 
233 484 
234 484 
235 484 
236 484 
237 484 
238 484 
239 484 
240 484 
241 484 
242 484 
243 484 
244 484 
245 484 
246 484 
247 484 
248 484 
249 484 
250 484 
251 484 
252 484 
253 484 
254 484 
255 484 
256 484 
257 484 
258 484 
259 484 
260 484 
261 484 
262 484 
263 484 
264 484 
265 484 
266 484 
267 484 
268 484 
269 484 
270 484 
271 484 
272 484 
273 484 
274 484 
275 484 
276 484 
277 484 
278 484 
279 484 
280 484 
281 484 
282 484 
283 484 
284 484 
285 484 
286 512 
287 520 
288 520 
289 812 
290 812 
291 812 
292 812 
293 812 
294 812 
295 812 
296 812 
297 812 
298 812 
299 812 
300 952 
301 952 
302 952 
303 952 
304 952 
305 952 
306 952 
307 952 
308 952 
309 952 
310 952 
311 952 
312 952 
313 952 
314 952 
315 952 
316 952 
317 952 
318 952 
319 952 
320 952 
321 952 
322 952 
323 952 
324 952 
325 952 
326 952 
327 952 
328 952 
329 952 
330 952 
331 952 
332 952 
333 952 
334 952 
335 952 
336 952 
337 952 
338 952 
339 952 
340 952 
341 952 
342 952 
343 952 
344 952 
345 952 
346 952 
347 952 
348 952 
349 952 
350 952 
351 952 
352 952 
353 952 
354 952 
355 952 
356 952 
357 952 
358 952 
359 952 
360 952 
361 952 
362 1104 
363 1104 
364 1104 
365 1104 
366 1104 
367 1104 
368 1104 
369 1104 
370 1104 
371 1104 
372 1104 
373 1104 
374 1104 
375 1104 
376 1104 
377 1104 
378 1104 
379 1104 
380 1104 
381 1104 
382 1104 
383 1104 
384 1104 
385 1104 
386 1104 
387 1104 
388 1104 
389 1104 
390 1104 
391 1104 
392 1104 
393 1104 
394 1104 
395 1104 
396 1104 
397 1104 
398 1104 
399 1104 
400 1204 
401 1204 
402 1204 
403 1204 
404 1204 
405 1204 
406 1204 
407 1204 
408 1204 
409 1204 
410 1204 
411 1204 
412 1204 
413 1204 
414 1204 
415 1204 
416 1204 
417 2372 
418 2372 
419 2372 
420 2372 
421 2372 
422 2372 
423 2372 
424 2372 
425 2372 
426 2372 
427 2372 
428 2372 
429 2372 
430 2372 
431 2372 
432 2372 
433 2372 
434 2372 
435 2372 
436 2372 
437 2372 
438 2372 
439 2372 
440 2372 
441 2672 
442 2672 
443 2672 
444 2672 
445 2672 
446 2672 
447 2672 
448 2952 
449 2952 
450 2952 
451 2952 
452 2952 
453 2952 
454 2952 
455 2952 
456 2952 
457 2952 
458 2952 
459 2952 
460 2952 
461 2952 
462 2952 
463 2952 
464 2952 
465 2952 
466 2952 
467 2952 
468 2952 
469 2952 
470 2952 
471 2952 
472 2952 
473 2952 
474 2952 
475 2952 
476 2952 
477 2952 
478 2952 
479 2952 
480 2952 
481 2952 
482 2952 
483 2952 
484 2952 
485 3340 
486 3340 
487 3340 
488 3340 
489 3340 
490 3340 
491 3340 
492 3340 
493 3340 
494 3340 
495 3340 
496 3340 
497 3340 
498 3340 
499 3340 
500 3340 
501 3340 
502 3340 
503 3340 
504 3340 
505 3340 
506 3340 
507 3340 
508 3340 
509 3340 
510 3340 
511 3340 
512 3340 
513 3340 
514 3340 
515 3340 
516 3340 
517 3340 
518 3340 
519 3340 
520 3340 
521 3340 
522 3340 
523 3340 
524 3340 
525 3340 
526 3340 
527 3340 
528 3340 
529 3340 
530 3340 
531 3340 
532 3340 
533 3340 
534 3340 
535 3340 
536 3340 
537 3340 
538 3340 
539 3340 
540 3340 
541 3340 
542 3340 
543 3340 
544 3340 
545 3340 
546 3340 
547 3340 
548 3340 
549 3340 
550 3340 
551 3340 
552 3340 
553 3340 
554 3340 
555 3340 
556 3340 
557 3340 
558 3340 
559 3340 
560 3340 
561 3340 
562 3340 
563 3340 
564 3340 
565 3340 
566 3340 
567 3340 
568 3340 
569 3340 
570 3340 
571 3340 
572 3340 
573 3340 
574 3340 
575 3340 
576 3340 
577 3340 
578 3340 
579 3340 
580 3340 
581 3340 
582 3340 
583 3340 
584 3340 
585 3340 
586 3340 
587 3340 
588 3340 
589 3340 
590 3340 
591 3340 
592 3340 
593 3340 
594 3340 
595 3340 
596 3340 
597 3340 
598 3340 
599 3340 
600 3340 
601 3340 
602 3340 
603 3340 
604 3340 
605 3340 
606 3340 
607 3340 
608 3340 
609 3340 
610 3340 
611 3340 
612 3340 
613 3340 
614 3340 
615 3340 
616 3340 
617 3340 
618 3340 
619 3340 
620 3340 
621 3340 
622 3340 
623 3340 
624 3340 
625 3340 
626 3340 
627 3340 
628 3340 
629 3340 
630 3340 
631 3340 
632 3340 
633 3340 
634 3340 
635 3340 
636 3340 
637 3340 
638 3340 
639 3340 
640 3340 
641 3340 
642 3340 
643 3340 
644 3340 
645 3340 
646 3340 
647 3340 
648 3340 
649 3340 
650 3340 
651 3340 
652 3340 
653 3340 
654 3340 
655 3340 
656 3340 
657 3340 
658 3340 
659 3340 
660 3340 
661 3340 
662 3340 
663 3340 
664 3340 
665 3340 
666 3340 
667 3340 
668 3340 
669 3340 
670 3340 
671 3340 
672 3340 
673 3340 
674 3340 
675 3340 
676 3340 
677 3340 
678 3340 
679 3340 
680 3340 
681 3340 
682 3340 
683 3340 
684 3340 
685 3340 
686 3340 
687 3340 
688 3340 
689 3340 
690 3340 
691 3340 
692 3340 
693 3340 
694 3340 
695 3340 
696 3340 
697 3340 
698 3340 
699 3340 
700 3340 
701 3340 
702 3340 
703 3340 
704 3340 
705 3340 
706 3340 
707 3340 
708 3340 
709 3340 
710 3340 
711 3340 
712 3340 
713 3340 
714 3340 
715 3340 
716 3340 
717 3340 
718 3340 
719 3340 
720 3340 
721 3340 
722 3340 
723 3340 
724 3340 
725 3492 
726 3492 
727 3492 
728 3492 
729 3492 
730 3492 
731 3492 
732 3492 
733 3492 
734 3492 
735 3492 
736 3492 
737 3492 
738 3492 
739 3492 
740 3492 
741 3492 
742 4916 
743 4916 
744 4916 
745 4916 
746 4916 
747 4916 
748 4916 
749 4916 
750 4916 
751 4916 
752 4916 
753 4916 
754 4916 
755 4916 
756 4916 
757 4916 
758 4916 
759 4916 
760 4916 
761 4916 
762 4916 
763 4916 
764 4916 
765 4916 
766 4916 
767 4916 
768 4916 
769 4916 
770 4916 
771 4916 
772 4916 
773 4916 
774 4916 
775 4916 
776 4916 
777 4916 
778 4916 
779 4916 
780 4916 
781 4916 
782 4916 
783 4916 
784 4916 
785 4916 
786 4916 
787 4916 
788 4916 
789 4916 
790 4916 
791 4916 
792 4916 
793 4916 
794 4916 
795 4916 
796 4916 
797 4916 
798 4916 
799 4916 
800 4916 
801 4916 
802 4916 
803 4916 
804 4916 
805 4916 
806 4916 
807 4916 
808 4916 
809 4916 
810 4916 
811 4916 
812 4916 
813 4916 
814 4916 
815 4916 
816 4916 
817 4916 
818 4916 
819 4916 
820 4916 
821 4916 
822 4916 
823 4916 
824 4916 
825 4916 
826 4916 
827 4916 
828 4916 
829 4916 
830 4916 
831 4916 
832 4916 
833 4916 
834 4916 
835 4916 
836 4916 
837 4916 
838 4916 
839 4916 
840 4916 
841 4916 
842 4916 
843 4916 
844 4916 
845 4916 
846 4916 
847 4916 
848 4916 
849 4916 
850 4916 
851 4916 
852 4916 
853 4916 
854 4916 
855 4916 
856 4916 
857 4916 
858 4916 
859 4916 
860 4916 
861 4916 
862 4916 
863 4916 
864 4916 
865 4916 
866 4916 
867 4916 
868 4916 
869 4916 
870 4916 
871 4916 
872 4916 
873 4916 
874 4916 
875 4916 
876 4916 
877 4916 
878 4916 
879 4916 
880 4916 
881 4916 
882 4916 
883 4916 
884 4916 
885 4916 
886 4916 
887 4916 
888 4916 
889 4916 
890 4916 
891 4916 
892 4916 
893 4916 
894 4916 
895 4916 
896 4916 
897 4916 
898 4916 
899 4916 
900 4916 
901 4916 
902 4916 
903 4916 
904 4916 
905 4916 
906 4916 
907 4916 
908 4916 
909 4916 
910 4916 
911 4916 
912 4916 
913 4916 
914 4916 
915 4916 
916 4916 
917 4916 
918 4916 
919 4916 
920 4916 
921 4916 
922 4916 
923 4916 
924 4916 
925 4916 
926 4916 
927 4916 
928 4916 
929 4916 
930 4916 
931 4916 
932 4916 
933 4916 
934 4916 
935 4916 
936 4916 
937 4916 
938 4916 
939 4916 
940 4916 
941 4916 
942 4916 
943 4916 
944 4916 
945 4916 
946 4916 
947 4916 
948 4916 
949 4916 
950 4916 
951 4916 
952 4916 
953 4916 
954 4916 
955 4916 
956 4916 
957 4916 
958 4916 
959 4916 
960 4916 
961 4916 
962 4916 
963 4916 
964 4916 
965 4916 
966 4916 
967 4916 
968 4916 
969 4916 
970 4916 
971 4916 
972 4916 
973 4916 
974 4916 
975 4916 
976 4916 
977 4916 
978 4916 
979 4916 
980 4916 
981 4916 
982 4916 
983 4916 
984 4916 
985 4916 
986 4916 
987 4916 
988 4916 
989 4916 
990 4916 
991 4916 
992 4916 
993 4916 
994 4916 
995 4916 
996 4916 
997 4916 
998 4916 
999 4916 
0 1 
1 1 
2 1 
3 1 
4 1 
5 1 
6 1 
7 1 
8 1 
9 2 
10 2 
11 2 
12 28 
13 28 
14 56 
15 56 
16 58 
17 58 
18 58 
19 58 
20 58 
21 58 
22 58 
23 58 
24 58 
25 100 
26 108 
27 128 
28 128 
29 128 
30 128 
31 128 
32 128 
33 128 
34 172 
35 172 
36 172 
37 172 
38 172 
39 172 
40 172 
41 172 
42 172 
43 172 
44 172 
45 172 
46 172 
47 172 
48 172 
49 172 
50 172 
51 172 
52 172 
53 172 
54 172 
55 172 
56 172 
57 172 
58 172 
59 172 
60 172 
61 172 
62 184 
63 184 
64 184 
65 184 
66 184 
67 184 
68 184 
69 184 
70 184 
71 184 
72 184 
73 184 
74 184 
75 184 
76 184 
77 184 
78 184 
79 184 
80 184 
81 184 
82 184 
83 184 
84 184 
85 184 
86 184 
87 184 
88 184 
89 184 
90 184 
91 184 
92 184 
93 184 
94 184 
95 184 
96 184 
97 184 
98 184 
99 200 
100 200 
101 200 
102 200 
103 200 
104 200 
105 200 
106 200 
107 200 
108 200 
109 200 
110 200 
111 200 
112 200 
113 200 
114 200 
115 200 
116 284 
117 284 
118 320 
119 484 
120 484 
121 484 
122 484 
123 484 
124 484 
125 484 
126 484 
127 484 
128 484 
129 484 
130 484 
131 484 
132 484 
133 484 
134 484 
135 484 
136 484 
137 484 
138 484 
139 484 
140 484 
141 484 
142 484 
143 484 
144 484 
145 484 
146 484 
147 484 
148 484 
149 484 
150 484 
151 484 
152 484 
153 484 
154 484 
155 484 
156 484 
157 484 
158 484 
159 484 
160 484 
161 484 
162 484 
163 484 
164 484 
165 484 
166 484 
167 484 
168 484 
169 484 
170 484 
171 484 
172 484 
173 484 
174 484 
175 484 
176 484 
177 484 
178 484 
179 484 
180 484 
181 484 
182 484 
183 484 
184 484 
185 484 
186 484 
187 484 
188 484 
189 484 
190 484 
191 484 
192 484 
193 484 
194 484 
195 484 
196 484 
197 484 
198 484 
199 484 
200 484 
201 484 
202 548 
203 548 
204 548 
205 548 
206 548 
207 548 
208 548 
209 548 
210 548 
211 548 
212 548 
213 548 
214 548 
215 548 
216 548 
217 548 
218 548 
219 548 
220 728 
221 728 
222 728 
223 728 
224 728 
225 728 
226 728 
227 728 
228 728 
229 728 
230 728 
231 728 
232 728 
233 780 
234 780 
235 780 
236 780 
237 780 
238 780 
239 780 
240 780 
241 780 
242 780 
243 780 
244 780 
245 780 
246 780 
247 780 
248 820 
249 820 
250 820 
251 820 
252 820 
253 820 
254 820 
255 820 
256 956 
257 956 
258 956 
259 956 
260 956 
261 956 
262 956 
263 956 
264 956 
265 956 
266 956 
267 956 
268 956 
269 956 
270 956 
271 956 
272 956 
273 956 
274 956 
275 956 
276 956 
277 956 
278 956 
279 956 
280 956 
281 956 
282 956 
283 956 
284 956 
285 956 
286 956 
287 956 
288 956 
289 956 
290 956 
291 956 
292 956 
293 956 
294 956 
295 956 
296 956 
297 956 
298 956 
299 956 
300 956 
301 956 
302 956 
303 956 
304 956 
305 956 
306 956 
307 956 
308 1128 
309 1128 
310 1128 
311 1128 
312 1128 
313 1128 
314 1128 
315 1128 
316 1128 
317 1128 
318 1128 
319 1128 
320 1128 
321 1128 
322 1128 
323 1128 
324 1128 
325 1128 
326 1128 
327 1128 
328 1128 
329 1128 
330 1128 
331 1128 
332 1128 
333 1128 
334 1128 
335 1128 
336 1128 
337 1128 
338 1128 
339 1128 
340 1128 
341 1128 
342 1444 
343 1444 
344 1444 
345 1444 
346 1444 
347 1444 
348 1444 
349 1444 
350 1444 
351 1444 
352 1444 
353 1444 
354 1444 
355 1444 
356 1444 
357 1444 
358 1444 
359 1444 
360 1444 
361 1444 
362 1444 
363 1444 
364 1444 
365 1444 
366 1444 
367 1444 
368 1444 
369 1444 
370 1444 
371 1444 
372 1444 
373 1444 
374 1444 
375 1444 
376 1444 
377 1444 
378 1444 
379 1444 
380 1444 
381 1444 
382 1444 
383 1444 
384 1444 
385 1444 
386 1444 
387 1444 
388 1444 
389 1444 
390 1444 
391 1444 
392 1444 
393 1444 
394 1444 
395 1444 
396 1444 
397 1444 
398 1444 
399 1444 
400 1444 
401 1444 
402 1444 
403 1444 
404 1444 
405 1444 
406 1444 
407 1444 
408 1444 
409 1444 
410 1444 
411 1444 
412 1444 
413 1444 
414 1444 
415 1444 
416 1444 
417 1444 
418 1444 
419 1444 
420 1444 
421 1444 
422 1444 
423 1444 
424 1444 
425 1444 
426 1444 
427 1444 
428 1444 
429 1444 
430 1444 
431 1444 
432 1444 
433 1444 
434 1444 
435 1444 
436 1444 
437 1444 
438 1444 
439 1444 
440 1444 
441 1444 
442 1444 
443 1444 
444 1444 
445 1444 
446 1444 
447 1444 
448 1444 
449 1444 
450 1444 
451 1444 
452 1444 
453 1444 
454 1444 
455 1444 
456 1444 
457 1444 
458 1444 
459 1444 
460 1444 
461 1444 
462 1444 
463 1444 
464 1444 
465 1444 
466 1444 
467 1444 
468 1444 
469 1444 
470 1444 
471 1444 
472 1444 
473 1444 
474 1444 
475 1444 
476 1444 
477 1444 
478 1444 
479 1444 
480 1444 
481 1444 
482 1444 
483 1444 
484 1444 
485 1444 
486 1444 
487 1444 
488 1444 
489 1444 
490 1444 
491 1444 
492 1500 
493 1500 
494 1500 
495 1500 
496 1500 
497 1500 
498 1580 
499 1580 
500 1580 
501 1580 
502 1580 
503 1580 
504 1580 
505 1580 
506 1580 
507 1580 
508 1580 
509 1580 
510 1580 
511 1580 
512 1580 
513 1580 
514 1580 
515 1580 
516 1580 
517 1580 
518 1580 
519 1580 
520 1580 
521 1580 
522 1580 
523 1580 
524 1580 
525 1580 
526 1580 
527 1580 
528 1580 
529 1580 
530 1580 
531 1580 
532 1580 
533 1580 
534 1580 
535 1580 
536 1580 
537 1580 
538 1580 
539 1580 
540 1580 
541 1580 
542 1580 
543 1580 
544 1580 
545 1580 
546 1580 
547 1580 
548 1580 
549 1580 
550 1580 
551 1580 
552 1580 
553 1580 
554 1580 
555 1580 
556 1580 
557 1580 
558 1580 
559 1580 
560 1580 
561 1580 
562 1580 
563 1580 
564 1580 
565 1580 
566 1580 
567 1580 
568 1580 
569 1580 
570 1580 
571 1580 
572 1580 
573 1580 
574 1580 
575 1580 
576 1580 
577 1580 
578 1580 
579 1580 
580 1580 
581 1580 
582 1580 
583 1580 
584 1580 
585 1580 
586 1580 
587 1580 
588 1580 
589 1580 
590 1580 
591 1580 
592 1580 
593 1580 
594 1580 
595 1580 
596 1580 
597 1580 
598 1580 
599 1580 
600 1580 
601 1580 
602 1580 
603 1580 
604 1580 
605 1580 
606 1580 
607 1580 
608 1580 
609 1580 
610 1580 
611 1580 
612 1580 
613 1580 
614 1580 
615 1580 
616 1580 
617 1580 
618 1580 
619 1580 
620 1580 
621 1580 
622 1580 
623 1580 
624 1580 
625 1580 
626 1580 
627 1580 
628 1580 
629 1580 
630 1580 
631 1580 
632 1580 
633 1580 
634 1580 
635 1580 
636 1580 
637 1580 
638 1580 
639 1580 
640 1580 
641 1580 
642 1580 
643 1580 
644 1580 
645 1580 
646 1580 
647 1580 
648 1580 
649 1580 
650 1580 
651 1580 
652 1580 
653 1580 
654 1580 
655 1580 
656 1580 
657 1580 
658 1580 
659 1580 
660 1580 
661 1580 
662 1580 
663 1580 
664 1580 
665 1580 
666 1580 
667 1580 
668 1580 
669 1580 
670 1580 
671 1580 
672 1580 
673 1580 
674 1580 
675 1580 
676 1580 
677 1580 
678 1580 
679 1580 
680 1580 
681 1580 
682 1580 
683 1580 
684 1580 
685 1580 
686 1580 
687 1580 
688 1580 
689 1580 
690 1580 
691 1580 
692 1580 
693 1580 
694 1580 
695 1580 
696 1580 
697 1580 
698 1580 
699 1580 
700 1580 
701 1580 
702 1580 
703 1580 
704 1580 
705 1580 
706 1580 
707 1580 
708 1580 
709 1580 
710 1580 
711 1580 
712 1580 
713 1580 
714 1580 
715 1580 
716 1580 
717 1580 
718 1580 
719 1580 
720 1580 
721 1580 
722 1580 
723 1580 
724 1580 
725 1580 
726 1580 
727 1580 
728 1580 
729 1580 
730 1580 
731 1580 
732 1580 
733 1580 
734 1580 
735 1580 
736 1580 
737 1580 
738 1580 
739 1580 
740 1580 
741 1580 
742 1580 
743 1580 
744 1580 
745 1580 
746 1580 
747 1580 
748 1580 
749 1580 
750 1580 
751 1580 
752 1580 
753 1580 
754 1580 
755 1580 
756 1580 
757 1580 
758 1580 
759 1580 
760 1580 
761 1580 
762 1580 
763 1580 
764 1580 
765 1580 
766 1580 
767 1580 
768 1580 
769 1580 
770 1580 
771 1580 
772 1580 
773 1580 
774 1580 
775 1580 
776 1580 
777 1580 
778 1580 
779 1580 
780 1580 
781 1580 
782 1580 
783 1580 
784 1580 
785 1580 
786 1580 
787 1580 
788 1580 
789 1580 
790 1580 
791 1580 
792 1580 
793 1580 
794 1580 
795 1580 
796 1580 
797 1580 
798 1580 
799 1580 
800 1580 
801 1580 
802 1580 
803 1580 
804 1580 
805 1580 
806 1580 
807 1580 
808 1580 
809 1580 
810 1580 
811 1580 
812 1580 
813 1580 
814 1580 
815 1580 
816 1580 
817 1580 
818 1580 
819 1580 
820 1580 
821 1580 
822 1580 
823 1580 
824 1580 
825 1580 
826 1580 
827 1580 
828 1580 
829 1580 
830 1580 
831 1580 
832 1580 
833 1580 
834 1580 
835 1580 
836 1580 
837 1580 
838 1580 
839 1580 
840 1580 
841 1580 
842 1580 
843 1624 
844 1624 
845 1624 
846 1624 
847 1624 
848 1624 
849 1624 
850 1624 
851 1624 
852 1624 
853 1624 
854 1624 
855 1624 
856 1624 
857 1624 
858 1624 
859 1624 
860 1624 
861 1624 
862 1624 
863 1624 
864 1624 
865 1624 
866 1624 
867 1624 
868 1624 
869 1624 
870 1624 
871 1624 
872 1624 
873 1624 
874 1624 
875 1624 
876 1624 
877 1624 
878 1624 
879 1624 
880 1624 
881 1624 
882 1624 
883 1624 
884 1624 
885 1624 
886 1624 
887 1624 
888 1624 
889 1624 
890 1624 
891 1624 
892 1624 
893 1624 
894 1624 
895 1624 
896 1624 
897 1624 
898 1624 
899 1624 
900 1624 
901 1624 
902 1624 
903 1624 
904 1624 
905 1624 
906 1624 
907 1624 
908 1624 
909 1624 
910 1624 
911 1624 
912 1624 
913 1624 
914 1624 
915 1624 
916 1624 
917 1624 
918 1624 
919 1624 
920 1624 
921 1624 
922 1624 
923 1624 
924 1624 
925 1624 
926 1624 
927 1624 
928 1624 
929 1624 
930 1624 
931 1624 
932 1624 
933 1624 
934 1624 
935 1624 
936 1624 
937 1624 
938 1624 
939 1624 
940 1624 
941 1624 
942 1624 
943 1624 
944 1624 
945 1624 
946 1624 
947 1624 
948 1624 
949 1624 
950 1624 
951 1624 
952 1624 
953 1624 
954 1624 
955 1624 
956 1624 
957 1624 
958 1624 
959 1824 
960 1824 
961 1824 
962 1824 
963 1824 
964 1824 
965 1824 
966 1824 
967 1824 
968 1824 
969 1824 
970 1824 
971 1824 
972 1824 
973 1824 
974 1824 
975 1824 
976 1824 
977 1824 
978 1824 
979 1824 
980 1824 
981 1824 
982 1824 
983 1824 
984 1824 
985 1824 
986 1824 
987 1824 
988 1824 
989 1824 
990 1824 
991 1824 
992 1824 
993 1824 
994 1824 
995 1824 
996 1824 
997 1824 
998 1824 
999 1824 
0 1 
1 1 
2 1 
3 1 
4 1 
5 4 
6 4 
7 4 
8 4 
9 4 
10 4 
11 4 
12 4 
13 4 
14 4 
15 4 
16 4 
17 4 
18 4 
19 4 
20 4 
21 4 
22 4 
23 4 
24 4 
25 4 
26 5 
27 5 
28 32 
29 32 
30 32 
31 32 
32 32 
33 32 
34 32 
35 32 
36 32 
37 32 
38 32 
39 36 
40 36 
41 36 
42 36 
43 36 
44 36 
45 36 
46 92 
47 92 
48 92 
49 92 
50 220 
51 220 
52 236 
53 236 
54 236 
55 300 
56 300 
57 300 
58 300 
59 300 
60 300 
61 300 
62 348 
63 348 
64 408 
65 408 
66 408 
67 408 
68 408 
69 408 
70 408 
71 408 
72 408 
73 408 
74 408 
75 408 
76 408 
77 408 
78 408 
79 440 
80 460 
81 460 
82 460 
83 460 
84 468 
85 468 
86 468 
87 468 
88 468 
89 468 
90 468 
91 468 
92 468 
93 468 
94 468 
95 468 
96 468 
97 468 
98 468 
99 468 
100 468 
101 468 
102 468 
103 468 
104 468 
105 468 
106 468 
107 468 
108 468 
109 468 
110 468 
111 468 
112 468 
113 468 
114 476 
115 476 
116 476 
117 476 
118 476 
119 476 
120 476 
121 476 
122 476 
123 476 
124 476 
125 476 
126 476 
127 476 
128 476 
129 476 
130 476 
131 476 
132 476 
133 476 
134 476 
135 476 
136 476 
137 476 
138 476 
139 476 
140 476 
141 476 
142 476 
143 476 
144 476 
145 476 
146 476 
147 476 
148 476 
149 476 
150 476 
151 476 
152 476 
153 476 
154 476 
155 476 
156 476 
157 476 
158 524 
159 524 
160 524 
161 524 
162 524 
163 524 
164 524 
165 524 
166 524 
167 524 
168 524 
169 524 
170 524 
171 524 
172 524 
173 524 
174 524 
175 524 
176 524 
177 524 
178 524 
179 524 
180 524 
181 524 
182 524 
183 544 
184 544 
185 544 
186 544 
187 568 
188 568 
189 568 
190 568 
191 568 
192 568 
193 568 
194 568 
195 568 
196 568 
197 568 
198 568 
199 568 
200 568 
201 568 
202 568 
203 568 
204 568 
205 568 
206 568 
207 568 
208 876 
209 876 
210 876 
211 876 
212 876 
213 876 
214 876 
215 876 
216 876 
217 876 
218 876 
219 876 
220 876 
221 876 
222 876 
223 876 
224 876 
225 876 
226 876 
227 876 
228 876 
229 876 
230 876 
231 876 
232 876 
233 876 
234 876 
235 876 
236 884 
237 884 
238 884 
239 884 
240 884 
241 884 
242 884 
243 884 
244 884 
245 884 
246 884 
247 884 
248 884 
249 884 
250 884 
251 884 
252 884 
253 1536 
254 1536 
255 1536 
256 1536 
257 1536 
258 1536 
259 1536 
260 1536 
261 1536 
262 1536 
263 1536 
264 1536 
265 1536 
266 1536 
267 1536 
268 1536 
269 1536 
270 1536 
271 1536 
272 1536 
273 1536 
274 1536 
275 1536 
276 1536 
277 1536 
278 1536 
279 1536 
280 1536 
281 1536 
282 1536 
283 1560 
284 1560 
285 1560 
286 1560 
287 1560 
288 1560 
289 1560 
290 1560 
291 1560 
292 1560 
293 1560 
294 1560 
295 1560 
296 1560 
297 1560 
298 1560 
299 1560 
300 1560 
301 1560 
302 1560 
303 1560 
304 1560 
305 1560 
306 1560 
307 1560 
308 1560 
309 1560 
310 2068 
311 2068 
312 2068 
313 2068 
314 2068 
315 2068 
316 2068 
317 2068 
318 2068 
319 2068 
320 2068 
321 2068 
322 2068 
323 2068 
324 2068 
325 2068 
326 2068 
327 2068 
328 2068 
329 2068 
330 2068 
331 2068 
332 2068 
333 2068 
334 2068 
335 2068 
336 2068 
337 2068 
338 2068 
339 2068 
340 2068 
341 2068 
342 2068 
343 2068 
344 2068 
345 2068 
346 2068 
347 2068 
348 2068 
349 2068 
350 2068 
351 2068 
352 2068 
353 2068 
354 2068 
355 2068 
356 2068 
357 2068 
358 2068 
359 2068 
360 2068 
361 2068 
362 2068 
363 2068 
364 2068 
365 2068 
366 2068 
367 2068 
368 2068 
369 2068 
370 2068 
371 2832 
372 2832 
373 2832 
374 2832 
375 2832 
376 2832 
377 2832 
378 2832 
379 2832 
380 2832 
381 2832 
382 2832 
383 2832 
384 2832 
385 2832 
386 2832 
387 2832 
388 2832 
389 2832 
390 2832 
391 2832 
392 2832 
393 2832 
394 2832 
395 2832 
396 2832 
397 2832 
398 2832 
399 2832 
400 2832 
401 2832 
402 2832 
403 2832 
404 2832 
405 2832 
406 2832 
407 2832 
408 2832 
409 2832 
410 2832 
411 2832 
412 2832 
413 2832 
414 2832 
415 2832 
416 2832 
417 2832 
418 2832 
419 2832 
420 2832 
421 2832 
422 2832 
423 2832 
424 2832 
425 2832 
426 2832 
427 2832 
428 2832 
429 2832 
430 2832 
431 2832 
432 2832 
433 2832 
434 2832 
435 2832 
436 2832 
437 2832 
438 2832 
439 2832 
440 2832 
441 2832 
442 2832 
443 2832 
444 2832 
445 2832 
446 2832 
447 2832 
448 2832 
449 2832 
450 2832 
451 2832 
452 2832 
453 2832 
454 2832 
455 2832 
456 2832 
457 2832 
458 2832 
459 2832 
460 2832 
461 2832 
462 2832 
463 2832 
464 2832 
465 2832 
466 2832 
467 2832 
468 2832 
469 2832 
470 2832 
471 2832 
472 2832 
473 2832 
474 2832 
475 2832 
476 2832 
477 2832 
478 2832 
479 2832 
480 2832 
481 2832 
482 2832 
483 2832 
484 2832 
485 2832 
486 2832 
487 2832 
488 2832 
489 2832 
490 2832 
491 2832 
492 2832 
493 2832 
494 2832 
495 2832 
496 2832 
497 2832 
498 2832 
499 2832 
500 2832 
501 2832 
502 2832 
503 2832 
504 2832 
505 2832 
506 2832 
507 2832 
508 2832 
509 2832 
510 2832 
511 2832 
512 2832 
513 2832 
514 2832 
515 2832 
516 2832 
517 2832 
518 2832 
519 2832 
520 2832 
521 2832 
522 2832 
523 2832 
524 2832 
525 2832 
526 2832 
527 2832 
528 2832 
529 2832 
530 2832 
531 2832 
532 2832 
533 2832 
534 2832 
535 2832 
536 2832 
537 2832 
538 2832 
539 3292 
540 3292 
541 3292 
542 3292 
543 3292 
544 3292 
545 3292 
546 3292 
547 3292 
548 3292 
549 3292 
550 3292 
551 3292 
552 3292 
553 3292 
554 3292 
555 3292 
556 3292 
557 3292 
558 3292 
559 3292 
560 3292 
561 3292 
562 3292 
563 3292 
564 3292 
565 3292 
566 3292 
567 3292 
568 3292 
569 3292 
570 3292 
571 3292 
572 3292 
573 3292 
574 3292 
575 3292 
576 3292 
577 3292 
578 3292 
579 3292 
580 3292 
581 3292 
582 3292 
583 3292 
584 3292 
585 3292 
586 3292 
587 3292 
588 3292 
589 3292 
590 3292 
591 3292 
592 3292 
593 3292 
594 3292 
595 3292 
596 3292 
597 3292 
598 3292 
599 3292 
600 3292 
601 3292 
602 3292 
603 3292 
604 3292 
605 3292 
606 3292 
607 3292 
608 3292 
609 3292 
610 3292 
611 3292 
612 3292 
613 3292 
614 3292 
615 3292 
616 3292 
617 3292 
618 3292 
619 3292 
620 3292 
621 3292 
622 3292 
623 3292 
624 3292 
625 3292 
626 3292 
627 3292 
628 3292 
629 3292 
630 3292 
631 3292 
632 3292 
633 3292 
634 3292 
635 3292 
636 3292 
637 3292 
638 3292 
639 3292 
640 3292 
641 3292 
642 3292 
643 3292 
644 3292 
645 3292 
646 3292 
647 3292 
648 3292 
649 3292 
650 3292 
651 3292 
652 3292 
653 3540 
654 3540 
655 3540 
656 3540 
657 3540 
658 3540 
659 3540 
660 3540 
661 3540 
662 3540 
663 3540 
664 3540 
665 3540 
666 3540 
667 3540 
668 3540 
669 3540 
670 3540 
671 3540 
672 3540 
673 3540 
674 3540 
675 3540 
676 3540 
677 3540 
678 3540 
679 3540 
680 3540 
681 3540 
682 3540 
683 3540 
684 3540 
685 3540 
686 3540 
687 3540 
688 3540 
689 3540 
690 3540 
691 3540 
692 3540 
693 3540 
694 3540 
695 3540 
696 3540 
697 3540 
698 3540 
699 3540 
700 3540 
701 3540 
702 3540 
703 3540 
704 3540 
705 3540 
706 3540 
707 3540 
708 3540 
709 3540 
710 3540 
711 3540 
712 3540 
713 3540 
714 3540 
715 3540 
716 3540 
717 3540 
718 3540 
719 3540 
720 3540 
721 3540 
722 3540 
723 3540 
724 3540 
725 3540 
726 3540 
727 3540 
728 3540 
729 3540 
730 3540 
731 3540 
732 3540 
733 3540 
734 3540 
735 3540 
736 3540 
737 3540 
738 3540 
739 3540 
740 3540 
741 3540 
742 3540 
743 3540 
744 3540 
745 3540 
746 3540 
747 3540 
748 3540 
749 3540 
750 3540 
751 3540 
752 4068 
753 4068 
754 4068 
755 4068 
756 4068 
757 4068 
758 4068 
759 4068 
760 4068 
761 4068 
762 4068 
763 4068 
764 4068 
765 4068 
766 4068 
767 4068 
768 4068 
769 4068 
770 4068 
771 4068 
772 4068 
773 4068 
774 4068 
775 4068 
776 4068 
777 4068 
778 4068 
779 4068 
780 4068 
781 4068 
782 4068 
783 4068 
784 4068 
785 4068 
786 4068 
787 4068 
788 4068 
789 4068 
790 4068 
791 4068 
792 4068 
793 4068 
794 4068 
795 4068 
796 4068 
797 4068 
798 4068 
799 4068 
800 4068 
801 4068 
802 4068 
803 4068 
804 4068 
805 4068 
806 4068 
807 4068 
808 4068 
809 4068 
810 4068 
811 4068 
812 4068 
813 4068 
814 4068 
815 4068 
816 4068 
817 4068 
818 4068 
819 4068 
820 4068 
821 4068 
822 4068 
823 4068 
824 4068 
825 4068 
826 4068 
827 4068 
828 4068 
829 4068 
830 4068 
831 4068 
832 4068 
833 4068 
834 4068 
835 4068 
836 4068 
837 4068 
838 4068 
839 4068 
840 4068 
841 4068 
842 4068 
843 4068 
844 4068 
845 4068 
846 4068 
847 4068 
848 4068 
849 4068 
850 4068 
851 4068 
852 4068 
853 4068 
854 4068 
855 4068 
856 4068 
857 4068 
858 4068 
859 4068 
860 4068 
861 4068 
862 4068 
863 4068 
864 4068 
865 4068 
866 4068 
867 4068 
868 4068 
869 4068 
870 4068 
871 4068 
872 4068 
873 4068 
874 4068 
875 4068 
876 4068 
877 4068 
878 4068 
879 4068 
880 4068 
881 4068 
882 4068 
883 4068 
884 4068 
885 4068 
886 4068 
887 4068 
888 4068 
889 4068 
890 4068 
891 4068 
892 4068 
893 4068 
894 4068 
895 4068 
896 4068 
897 4068 
898 4068 
899 4416 
900 4416 
901 4416 
902 4416 
903 4416 
904 4416 
905 4416 
906 4416 
907 4416 
908 4416 
909 4416 
910 4416 
911 4416 
912 4416 
913 4416 
914 4416 
915 4416 
916 4416 
917 4416 
918 4416 
919 4416 
920 4416 
921 4416 
922 4416 
923 4416 
924 4416 
925 4416 
926 4416 
927 4416 
928 4416 
929 4416 
930 4416 
931 4416 
932 4416 
933 4416 
934 4416 
935 4416 
936 4416 
937 4416 
938 4416 
939 4416 
940 4416 
941 4416 
942 4416 
943 4416 
944 4416 
945 4416 
946 4416 
947 4416 
948 4416 
949 4416 
950 4416 
951 4416 
952 4416 
953 4416 
954 4416 
955 4416 
956 4416 
957 4416 
958 4416 
959 4416 
960 4416 
961 4416 
962 5832 
963 5832 
964 5832 
965 5832 
966 5832 
967 5832 
968 5832 
969 5832 
970 5832 
971 5832 
972 5832 
973 5832 
974 5832 
975 5832 
976 5832 
977 5832 
978 5832 
979 5832 
980 5832 
981 5832 
982 5832 
983 5832 
984 5832 
985 5832 
986 5832 
987 5832 
988 5832 
989 5832 
990 5832 
991 5832 
992 5832 
993 5832 
994 5832 
995 5832 
996 5832 
997 5832 
998 5832 
999 5832 
0 1 
1 1 
2 1 
3 1 
4 4 
5 4 
6 4 
7 4 
8 4 
9 4 
10 4 
11 4 
12 4 
13 4 
14 4 
15 4 
16 4 
17 4 
18 4 
19 4 
20 4 
21 4 
22 16 
23 16 
24 16 
25 16 
26 16 
27 16 
28 56 
29 132 
30 132 
31 132 
32 132 
33 156 
34 156 
35 156 
36 156 
37 156 
38 156 
39 156 
40 284 
41 284 
42 284 
43 284 
44 284 
45 284 
46 284 
47 284 
48 284 
49 284 
50 284 
51 284 
52 284 
53 284 
54 284 
55 284 
56 284 
57 284 
58 352 
59 352 
60 352 
61 352 
62 352 
63 352 
64 352 
65 352 
66 352 
67 388 
68 388 
69 388 
70 388 
71 388 
72 388 
73 388 
74 388 
75 388 
76 388 
77 388 
78 388 
79 388 
80 388 
81 388 
82 388 
83 388 
84 388 
85 388 
86 388 
87 388 
88 388 
89 388 
90 388 
91 388 
92 468 
93 468 
94 468 
95 468 
96 468 
97 468 
98 468 
99 468 
100 468 
101 468 
102 468 
103 468 
104 468 
105 468 
106 468 
107 468 
108 468 
109 468 
110 468 
111 468 
112 468 
113 468 
114 468 
115 468 
116 468 
117 468 
118 468 
119 468 
120 468 
121 468 
122 468 
123 468 
124 520 
125 520 
126 520 
127 520 
128 536 
129 536 
130 536 
131 752 
132 752 
133 752 
134 752 
135 752 
136 752 
137 752 
138 752 
139 968 
140 968 
141 968 
142 968 
143 968 
144 968 
145 968 
146 968 
147 968 
148 968 
149 968 
150 968 
151 968 
152 968 
153 968 
154 968 
155 968 
156 968 
157 968 
158 1112 
159 1112 
160 1112 
161 1112 
162 1112 
163 1112 
164 1112 
165 1112 
166 1112 
167 1112 
168 1112 
169 1112 
170 1112 
171 1112 
172 1112 
173 1112 
174 1112 
175 1112 
176 1112 
177 1112 
178 1112 
179 1112 
180 1112 
181 1112 
182 1112 
183 1112 
184 1112 
185 1112 
186 1112 
187 1112 
188 1112 
189 1112 
190 1112 
191 1112 
192 1112 
193 1112 
194 1112 
195 1112 
196 1112 
197 1112 
198 1112 
199 1112 
200 1112 
201 1112 
202 1112 
203 1112 
204 1112 
205 1112 
206 1112 
207 1456 
208 1456 
209 1456 
210 1456 
211 1456 
212 1456 
213 1456 
214 1456 
215 1456 
216 1456 
217 1456 
218 1456 
219 1456 
220 1456 
221 1456 
222 1456 
223 1456 
224 1456 
225 1456 
226 1456 
227 1456 
228 1456 
229 1456 
230 1456 
231 1456 
232 1456 
233 1456 
234 1456 
235 1456 
236 1696 
237 1696 
238 1696 
239 1696 
240 1696 
241 1696 
242 1696 
243 1696 
244 1840 
245 1840 
246 1840 
247 1840 
248 1840 
249 1840 
250 1840 
251 1840 
252 1840 
253 1840 
254 1840 
255 1840 
256 1840 
257 1840 
258 3148 
259 3148 
260 3148 
261 3148 
262 3148 
263 3148 
264 3148 
265 3148 
266 3148 
267 3148 
268 3148 
269 3148 
270 3148 
271 3148 
272 3148 
273 3148 
274 3148 
275 3148 
276 3148 
277 3148 
278 3148 
279 3148 
280 3148 
281 3148 
282 3148 
283 3148 
284 3148 
285 3148 
286 3148 
287 3148 
288 3148 
289 3148 
290 3148 
291 3148 
292 3148 
293 3148 
294 3148 
295 3148 
296 3148 
297 3148 
298 3148 
299 3148 
300 3148 
301 3148 
302 3148 
303 3148 
304 3148 
305 3148 
306 3148 
307 3148 
308 3148 
309 3148 
310 3148 
311 3148 
312 3148 
313 3148 
314 3148 
315 3148 
316 3148 
317 3148 
318 3148 
319 3148 
320 3148 
321 3148 
322 3148 
323 3148 
324 3148 
325 3148 
326 3148 
327 3148 
328 3148 
329 3148 
330 3148 
331 3148 
332 3148 
333 3148 
334 3148 
335 3148 
336 3148 
337 3148 
338 3148 
339 3148 
340 3148 
341 3148 
342 3148 
343 3148 
344 3148 
345 3148 
346 3148 
347 3148 
348 3148 
349 3148 
350 3148 
351 3148 
352 3148 
353 3148 
354 3148 
355 3148 
356 3148 
357 3148 
358 3148 
359 3148 
360 3148 
361 3148 
362 3148 
363 3148 
364 3148 
365 3148 
366 3148 
367 3148 
368 3148 
369 3148 
370 3148 
371 3148 
372 3148 
373 3148 
374 3148 
375 3148 
376 3148 
377 3148 
378 3148 
379 3148 
380 3148 
381 3148 
382 3148 
383 3148 
384 3148 
385 3148 
386 3148 
387 3148 
388 3148 
389 3148 
390 3148 
391 3148 
392 3148 
393 3148 
394 3148 
395 3148 
396 3148 
397 3148 
398 3148 
399 3148 
400 3148 
401 3148 
402 3148 
403 3148 
404 3148 
405 3148 
406 3148 
407 3148 
408 3148 
409 3148 
410 3148 
411 3148 
412 3148 
413 3148 
414 3148 
415 3148 
416 3148 
417 3148 
418 3148 
419 3148 
420 3148 
421 3148 
422 3148 
423 3148 
424 3148 
425 3148 
426 3148 
427 3148 
428 3148 
429 3148 
430 3148 
431 3148 
432 3148 
433 3148 
434 3148 
435 3148 
436 3148 
437 3148 
438 3148 
439 3148 
440 3148 
441 3148 
442 3148 
443 3148 
444 3148 
445 3148 
446 3148 
447 3148 
448 3148 
449 3148 
450 3148 
451 3148 
452 3148 
453 3148 
454 3148 
455 3148 
456 3148 
457 3148 
458 3148 
459 3148 
460 3148 
461 3148 
462 3148 
463 3148 
464 3148 
465 3148 
466 3148 
467 3148 
468 3912 
469 3912 
470 3912 
471 3912 
472 3912 
473 3912 
474 3912 
475 3912 
476 3912 
477 3912 
478 3912 
479 3912 
480 3912 
481 3912 
482 3912 
483 3912 
484 3912 
485 3912 
486 3912 
487 3912 
488 3912 
489 3912 
490 3912 
491 3912 
492 3912 
493 3912 
494 3912 
495 3912 
496 3912 
497 3912 
498 3912 
499 3912 
500 3912 
501 3912 
502 3912 
503 3912 
504 3912 
505 3912 
506 3912 
507 3912 
508 3912 
509 3912 
510 3912 
511 3912 
512 3912 
513 3912 
514 3912 
515 3912 
516 3912 
517 3912 
518 3912 
519 3912 
520 3912 
521 3912 
522 3912 
523 3912 
524 3912 
525 3912 
526 3912 
527 3912 
528 3912 
529 3912 
530 3912 
531 3912 
532 3912 
533 3912 
534 3912 
535 3912 
536 3912 
537 3912 
538 3912 
539 3912 
540 3912 
541 3912 
542 3912 
543 3912 
544 3912 
545 3912 
546 3912 
547 3912 
548 3912 
549 3912 
550 3912 
551 3912 
552 3912 
553 3912 
554 3912 
555 3912 
556 3912 
557 3912 
558 3912 
559 3912 
560 3912 
561 3912 
562 3912 
563 3912 
564 3912 
565 3912 
566 3912 
567 3912 
568 3912 
569 3912 
570 3912 
571 3912 
572 3912 
573 3912 
574 3912 
575 3912 
576 3912 
577 3912 
578 3912 
579 3912 
580 3912 
581 3912 
582 3912 
583 3912 
584 3916 
585 3916 
586 3916 
587 3916 
588 3916 
589 3916 
590 3916 
591 3916 
592 3916 
593 3916 
594 3916 
595 3916 
596 3916 
597 3916 
598 3916 
599 3916 
600 3916 
601 3916 
602 3916 
603 3916 
604 3916 
605 3916 
606 3916 
607 3916 
608 3916 
609 3916 
610 3916 
611 3916 
612 3916 
613 3916 
614 3916 
615 3916 
616 3916 
617 3916 
618 3916 
619 3916 
620 3916 
621 3916 
622 3916 
623 3916 
624 3916 
625 3916 
626 3916 
627 3916 
628 3916 
629 3916 
630 3916 
631 3916 
632 3916 
633 3916 
634 3916 
635 3916 
636 3916 
637 3916 
638 3916 
639 3916 
640 3916 
641 3916 
642 3916 
643 3916 
644 3916 
645 3916 
646 3916 
647 3916 
648 3916 
649 3916 
650 3916 
651 3916 
652 3916 
653 3916 
654 3916 
655 3916 
656 3916 
657 3916 
658 3916 
659 3916 
660 3916 
661 3916 
662 3916 
663 3916 
664 3916 
665 3916 
666 3916 
667 3916 
668 3916 
669 3916 
670 3916 
671 3916 
672 3916 
673 3916 
674 3916 
675 3916 
676 3916 
677 3916 
678 3916 
679 3916 
680 3916 
681 3916 
682 3916 
683 3916 
684 3916 
685 3916 
686 3916 
687 3916 
688 3916 
689 3916 
690 3916 
691 3916 
692 3916 
693 3916 
694 3916 
695 3916 
696 3916 
697 3916 
698 3916 
699 3916 
700 3916 
701 3916 
702 3916 
703 3916 
704 3916 
705 3916 
706 3916 
707 3916 
708 3916 
709 3916 
710 3916 
711 3916 
712 3916 
713 3916 
714 3916 
715 3916 
716 3916 
717 3916 
718 3916 
719 3916 
720 3916 
721 3916 
722 3916 
723 3916 
724 3916 
725 3916 
726 3916 
727 3916 
728 3916 
729 3916 
730 3916 
731 3916 
732 3916 
733 3916 
734 3916 
735 3916 
736 3916 
737 3916 
738 3916 
739 3916 
740 3916 
741 3916 
742 3916 
743 3916 
744 3916 
745 3916 
746 3916 
747 3916 
748 3916 
749 3916 
750 3916 
751 3916 
752 3916 
753 3916 
754 3916 
755 3916 
756 3916 
757 3916 
758 3916 
759 3916 
760 3916 
761 3916 
762 3916 
763 3916 
764 3916 
765 3916 
766 3916 
767 3916 
768 3916 
769 3916 
770 3916 
771 3916 
772 3916 
773 3916 
774 3916 
775 3916 
776 3916 
777 3916 
778 3916 
779 3916 
780 3916 
781 3916 
782 3916 
783 3916 
784 3916 
785 3916 
786 3916 
787 3916 
788 3916 
789 3916 
790 3916 
791 3916 
792 3916 
793 3916 
794 3916 
795 3916 
796 3916 
797 3916 
798 3916 
799 3916 
800 3916 
801 3916 
802 3916 
803 3916 
804 3916 
805 3916 
806 3916 
807 3916 
808 3916 
809 3916 
810 3916 
811 3916 
812 3916 
813 3916 
814 3916 
815 3916 
816 3916 
817 3916 
818 3916 
819 3916 
820 3916 
821 3916 
822 3916 
823 3916 
824 3916 
825 3916 
826 3916 
827 3916 
828 3916 
829 3916 
830 3916 
831 3916 
832 3916 
833 3916 
834 3916 
835 3916 
836 3916 
837 3916 
838 3916 
839 3916 
840 3916 
841 3916 
842 3916 
843 3916 
844 3916 
845 3916 
846 3916 
847 3916 
848 3916 
849 3916 
850 3916 
851 3916 
852 3916 
853 3916 
854 3916 
855 3916 
856 3916 
857 3916 
858 3916 
859 3916 
860 3916 
861 3916 
862 3916 
863 3916 
864 3916 
865 3916 
866 4204 
867 4204 
868 4204 
869 4204 
870 4204 
871 4204 
872 4204 
873 4204 
874 4204 
875 4204 
876 4204 
877 4204 
878 4204 
879 4204 
880 4204 
881 4204 
882 4204 
883 4204 
884 4204 
885 4204 
886 4204 
887 4204 
888 4204 
889 4204 
890 4204 
891 4204 
892 4204 
893 4204 
894 4204 
895 4204 
896 4204 
897 4204 
898 4204 
899 4204 
900 4204 
901 4204 
902 4204 
903 4204 
904 4204 
905 4204 
906 4204 
907 4204 
908 4204 
909 4204 
910 4204 
911 4204 
912 4204 
913 4204 
914 4204 
915 4204 
916 4204 
917 4204 
918 4204 
919 4204 
920 4204 
921 4204 
922 4204 
923 4204 
924 4204 
925 4204 
926 4204 
927 4204 
928 4204 
929 4204 
930 4204 
931 4204 
932 4204 
933 4204 
934 4204 
935 4204 
936 4204 
937 4204 
938 4204 
939 4204 
940 4204 
941 4204 
942 4204 
943 4204 
944 4204 
945 4204 
946 4204 
947 4204 
948 4204 
949 4204 
950 4204 
951 4204 
952 4204 
953 4204 
954 4204 
955 4204 
956 4204 
957 4204 
958 4204 
959 4204 
960 4204 
961 4204 
962 4204 
963 4204 
964 4204 
965 4204 
966 4204 
967 4204 
968 4204 
969 4204 
970 4204 
971 4204 
972 4204 
973 4204 
974 4204 
975 4204 
976 4204 
977 4204 
978 4204 
979 4204 
980 4204 
981 4204 
982 4204 
983 4204 
984 4204 
985 4204 
986 4204 
987 4204 
988 4204 
989 4204 
990 4204 
991 4204 
992 4204 
993 4204 
994 4204 
995 4204 
996 4204 
997 4204 
998 4204 
999 4204 
0 1 
1 1 
2 1 
3 1 
4 4 
5 4 
6 4 
7 4 
8 4 
9 4 
10 4 
11 4 
12 4 
13 4 
14 4 
15 4 
16 4 
17 4 
18 4 
19 4 
20 4 
21 8 
22 16 
23 40 
24 76 
25 80 
26 168 
27 168 
28 168 
29 244 
30 244 
31 244 
32 244 
33 244 
34 244 
35 244 
36 244 
37 244 
38 252 
39 252 
40 252 
41 296 
42 296 
43 332 
44 332 
45 332 
46 332 
47 332 
48 332 
49 332 
50 332 
51 332 
52 332 
53 332 
54 332 
55 332 
56 332 
57 332 
58 332 
59 332 
60 332 
61 332 
62 332 
63 332 
64 332 
65 332 
66 332 
67 332 
68 332 
69 332 
70 336 
71 336 
72 336 
73 336 
74 336 
75 336 
76 336 
77 336 
78 336 
79 336 
80 336 
81 336 
82 336 
83 336 
84 336 
85 336 
86 336 
87 336 
88 336 
89 336 
90 336 
91 336 
92 336 
93 336 
94 336 
95 336 
96 336 
97 336 
98 336 
99 336 
100 336 
101 336 
102 336 
103 336 
104 336 
105 336 
106 336 
107 336 
108 336 
109 336 
110 336 
111 336 
112 336 
113 336 
114 412 
115 412 
116 412 
117 412 
118 412 
119 412 
120 412 
121 412 
122 412 
123 412 
124 412 
125 412 
126 412 
127 412 
128 412 
129 412 
130 412 
131 412 
132 412 
133 412 
134 412 
135 412 
136 412 
137 412 
138 412 
139 412 
140 412 
141 412 
142 412 
143 412 
144 412 
145 412 
146 412 
147 412 
148 412 
149 412 
150 412 
151 412 
152 412 
153 412 
154 412 
155 412 
156 412 
157 412 
158 412 
159 412 
160 412 
161 412 
162 412 
163 412 
164 412 
165 412 
166 412 
167 412 
168 412 
169 412 
170 412 
171 412 
172 412 
173 412 
174 412 
175 412 
176 412 
177 412 
178 412 
179 412 
180 412 
181 412 
182 412 
183 412 
184 412 
185 412 
186 412 
187 412 
188 412 
189 412 
190 412 
191 412 
192 412 
193 412 
194 412 
195 412 
196 412 
197 412 
198 412 
199 412 
200 412 
201 412 
202 412 
203 412 
204 412 
205 412 
206 412 
207 412 
208 412 
209 412 
210 412 
211 412 
212 412 
213 412 
214 412 
215 412 
216 412 
217 412 
218 412 
219 412 
220 412 
221 416 
222 416 
223 416 
224 416 
225 416 
226 416 
227 416 
228 416 
229 416 
230 416 
231 416 
232 500 
233 500 
234 500 
235 500 
236 500 
237 500 
238 500 
239 500 
240 500 
241 584 
242 584 
243 584 
244 584 
245 584 
246 584 
247 584 
248 584 
249 584 
250 584 
251 584 
252 584 
253 584 
254 584 
255 584 
256 584 
257 584 
258 584 
259 584 
260 584 
261 584 
262 752 
263 752 
264 752 
265 752 
266 752 
267 752 
268 752 
269 752 
270 752 
271 752 
272 752 
273 752 
274 752 
275 752 
276 752 
277 752 
278 752 
279 752 
280 752 
281 752 
282 752 
283 752 
284 752 
285 752 
286 752 
287 752 
288 752 
289 752 
290 752 
291 752 
292 752 
293 752 
294 752 
295 752 
296 752 
297 752 
298 752 
299 752 
300 752 
301 752 
302 752 
303 752 
304 752 
305 752 
306 752 
307 752 
308 752 
309 752 
310 752 
311 752 
312 752 
313 752 
314 752 
315 752 
316 752 
317 752 
318 752 
319 752 
320 752 
321 752 
322 752 
323 752 
324 752 
325 752 
326 752 
327 752 
328 752 
329 752 
330 752 
331 752 
332 752 
333 752 
334 752 
335 752 
336 752 
337 752 
338 752 
339 752 
340 752 
341 752 
342 752 
343 752 
344 752 
345 752 
346 752 
347 752 
348 752 
349 752 
350 752 
351 752 
352 752 
353 752 
354 752 
355 752 
356 752 
357 752 
358 752 
359 752 
360 752 
361 752 
362 752 
363 752 
364 752 
365 752 
366 752 
367 752 
368 752 
369 752 
370 752 
371 752 
372 752 
373 752 
374 752 
375 752 
376 752 
377 752 
378 752 
379 752 
380 752 
381 752 
382 752 
383 752 
384 752 
385 752 
386 752 
387 752 
388 752 
389 752 
390 752 
391 752 
392 752 
393 752 
394 752 
395 752 
396 752 
397 752 
398 752 
399 752 
400 752 
401 752 
402 752 
403 752 
404 752 
405 752 
406 752 
407 752 
408 752 
409 752 
410 752 
411 752 
412 752 
413 752 
414 752 
415 752 
416 752 
417 752 
418 752 
419 752 
420 752 
421 752 
422 752 
423 752 
424 752 
425 752 
426 752 
427 752 
428 752 
429 752 
430 752 
431 752 
432 752 
433 752 
434 752 
435 752 
436 752 
437 752 
438 752 
439 752 
440 752 
441 752 
442 752 
443 752 
444 752 
445 752 
446 752 
447 752 
448 752 
449 752 
450 752 
451 752 
452 752 
453 752 
454 752 
455 752 
456 752 
457 752 
458 752 
459 752 
460 752 
461 752 
462 752 
463 752 
464 752 
465 752 
466 752 
467 752 
468 752 
469 752 
470 752 
471 752 
472 752 
473 752 
474 752 
475 752 
476 752 
477 752 
478 752 
479 752 
480 752 
481 752 
482 752 
483 752 
484 752 
485 752 
486 752 
487 752 
488 752 
489 752 
490 752 
491 752 
492 752 
493 752 
494 752 
495 752 
496 752 
497 752 
498 752 
499 752 
500 752 
501 752 
502 752 
503 752 
504 752 
505 752 
506 752 
507 752 
508 752 
509 752 
510 752 
511 752 
512 752 
513 752 
514 752 
515 752 
516 752 
517 752 
518 752 
519 752 
520 752 
521 752 
522 752 
523 752 
524 752 
525 752 
526 752 
527 752 
528 752 
529 752 
530 752 
531 752 
532 752 
533 752 
534 752 
535 752 
536 752 
537 752 
538 752 
539 752 
540 752 
541 752 
542 752 
543 752 
544 752 
545 752 
546 752 
547 752 
548 752 
549 752 
550 752 
551 752 
552 752 
553 752 
554 752 
555 752 
556 752 
557 752 
558 752 
559 752 
560 752 
561 752 
562 752 
563 752 
564 752 
565 752 
566 752 
567 752 
568 752 
569 752 
570 752 
571 752 
572 752 
573 752 
574 752 
575 752 
576 752 
577 752 
578 752 
579 752 
580 752 
581 752 
582 752 
583 752 
584 752 
585 752 
586 752 
587 752 
588 752 
589 752 
590 752 
591 752 
592 752 
593 752 
594 752 
595 752 
596 752 
597 752 
598 752 
599 752 
600 752 
601 752 
602 752 
603 752 
604 752 
605 752 
606 752 
607 752 
608 752 
609 752 
610 752 
611 752 
612 752 
613 752 
614 752 
615 752 
616 752 
617 752 
618 752 
619 752 
620 796 
621 796 
622 796 
623 796 
624 796 
625 796 
626 796 
627 796 
628 796 
629 796 
630 796 
631 796 
632 796 
633 796 
634 796 
635 796 
636 796 
637 796 
638 796 
639 796 
640 824 
641 824 
642 824 
643 824 
644 824 
645 824 
646 824 
647 824 
648 824 
649 824 
650 824 
651 824 
652 824 
653 824 
654 824 
655 824 
656 824 
657 824 
658 824 
659 824 
660 824 
661 824 
662 824 
663 824 
664 824 
665 824 
666 824 
667 824 
668 824 
669 824 
670 824 
671 824 
672 824 
673 824 
674 824 
675 824 
676 824 
677 824 
678 824 
679 824 
680 824 
681 824 
682 824 
683 824 
684 824 
685 824 
686 824 
687 824 
688 824 
689 824 
690 824 
691 824 
692 824 
693 824 
694 824 
695 824 
696 824 
697 824 
698 824 
699 824 
700 824 
701 824 
702 824 
703 824 
704 824 
705 824 
706 824 
707 824 
708 824 
709 824 
710 824 
711 824 
712 824 
713 824 
714 824 
715 824 
716 824 
717 824 
718 824 
719 824 
720 824 
721 824 
722 824 
723 824 
724 824 
725 824 
726 824 
727 824 
728 824 
729 824 
730 824 
731 824 
732 824 
733 824 
734 824 
735 824 
736 824 
737 824 
738 824 
739 824 
740 824 
741 824 
742 824 
743 824 
744 824 
745 824 
746 824 
747 824 
748 824 
749 824 
750 824 
751 824 
752 824 
753 824 
754 824 
755 824 
756 824 
757 824 
758 824 
759 824 
760 824 
761 824 
762 824 
763 824 
764 824 
765 824 
766 824 
767 824 
768 824 
769 824 
770 824 
771 824 
772 824 
773 824 
774 824 
775 824 
776 824 
777 824 
778 824 
779 824 
780 824 
781 824 
782 824 
783 824 
784 824 
785 824 
786 824 
787 824 
788 824 
789 824 
790 824 
791 824 
792 824 
793 824 
794 824 
795 824 
796 824 
797 824 
798 824 
799 824 
800 824 
801 824 
802 824 
803 824 
804 824 
805 824 
806 824 
807 824 
808 824 
809 824 
810 824 
811 824 
812 824 
813 824 
814 824 
815 824 
816 824 
817 824 
818 824 
819 824 
820 824 
821 824 
822 824 
823 824 
824 824 
825 824 
826 824 
827 824 
828 824 
829 824 
830 824 
831 824 
832 824 
833 824 
834 824 
835 824 
836 824 
837 824 
838 824 
839 824 
840 824 
841 824 
842 824 
843 824 
844 824 
845 824 
846 824 
847 824 
848 824 
849 824 
850 824 
851 824 
852 824 
853 824 
854 824 
855 824 
856 824 
857 824 
858 824 
859 824 
860 824 
861 824 
862 824 
863 824 
864 824 
865 824 
866 824 
867 824 
868 824 
869 824 
870 824 
871 824 
872 824 
873 824 
874 824 
875 824 
876 824 
877 824 
878 824 
879 824 
880 824 
881 824 
882 824 
883 824 
884 824 
885 824 
886 824 
887 824 
888 824 
889 824 
890 824 
891 824 
892 824 
893 824 
894 824 
895 824 
896 824 
897 824 
898 824 
899 824 
900 824 
901 824 
902 824 
903 824 
904 824 
905 824 
906 824 
907 824 
908 824 
909 824 
910 824 
911 824 
912 824 
913 824 
914 824 
915 824 
916 824 
917 824 
918 824 
919 824 
920 824 
921 824 
922 824 
923 824 
924 824 
925 824 
926 824 
927 824 
928 824 
929 824 
930 824 
931 824 
932 824 
933 824 
934 824 
935 824 
936 824 
937 824 
938 824 
939 824 
940 824 
941 824 
942 824 
943 824 
944 824 
945 824 
946 824 
947 824 
948 824 
949 824 
950 824 
951 824 
952 824 
953 824 
954 824 
955 824 
956 824 
957 824 
958 824 
959 824 
960 824 
961 824 
962 824 
963 824 
964 824 
965 824 
966 824 
967 824 
968 824 
969 824 
970 824 
971 824 
972 824 
973 824 
974 824 
975 824 
976 824 
977 824 
978 824 
979 824 
980 824 
981 824 
982 824 
983 824 
984 824 
985 824 
986 824 
987 824 
988 824 
989 824 
990 824 
991 824 
992 824 
993 824 
994 824 
995 824 
996 824 
997 824 
998 824 
999 824 
