CA# generation fitness_with_discard=0,02
0 0 1 0.4567901234567901
0 1 1 0.4567901234567901
0 2 4 0.45267489711934156
0 3 4 0.45267489711934156
0 4 4 0.45267489711934156
0 5 4 0.45267489711934156
0 6 4 0.45267489711934156
0 7 4 0.45267489711934156
0 8 4 0.45267489711934156
0 9 4 0.45267489711934156
0 10 4 0.45267489711934156
0 11 4 0.45267489711934156
0 12 4 0.45267489711934156
0 13 8 0.4567901234567901
0 14 8 0.4567901234567901
0 15 16 0.4403292181069959
0 16 16 0.4403292181069959
0 17 16 0.4403292181069959
0 18 124 0.45267489711934156
0 19 236 0.45267489711934156
0 20 236 0.45267489711934156
0 21 236 0.45267489711934156
0 22 236 0.45267489711934156
0 23 344 0.46502057613168724
0 24 344 0.46502057613168724
0 25 344 0.46502057613168724
0 26 344 0.46502057613168724
0 27 344 0.46502057613168724
0 28 344 0.46502057613168724
0 29 376 0.4444444444444444
0 30 376 0.4444444444444444
0 31 376 0.4444444444444444
0 32 376 0.4444444444444444
0 33 376 0.4444444444444444
0 34 376 0.4444444444444444
0 35 376 0.4444444444444444
0 36 376 0.4444444444444444
0 37 376 0.4444444444444444
0 38 376 0.4444444444444444
0 39 416 0.4567901234567901
0 40 416 0.4567901234567901
0 41 416 0.4567901234567901
0 42 416 0.4567901234567901
0 43 416 0.4567901234567901
0 44 416 0.4567901234567901
0 45 416 0.4567901234567901
0 46 416 0.4567901234567901
0 47 416 0.4567901234567901
0 48 416 0.4567901234567901
0 49 452 0.448559670781893
0 50 452 0.448559670781893
0 51 576 0.4567901234567901
0 52 576 0.4567901234567901
0 53 576 0.4567901234567901
0 54 620 0.46502057613168724
0 55 620 0.46502057613168724
0 56 620 0.46502057613168724
0 57 620 0.46502057613168724
0 58 620 0.46502057613168724
0 59 672 0.4567901234567901
0 60 672 0.4567901234567901
0 61 672 0.4567901234567901
0 62 672 0.4567901234567901
0 63 672 0.4567901234567901
0 64 672 0.4567901234567901
0 65 672 0.4567901234567901
0 66 672 0.4567901234567901
0 67 672 0.4567901234567901
0 68 672 0.4567901234567901
0 69 672 0.4567901234567901
0 70 672 0.4567901234567901
0 71 672 0.4567901234567901
0 72 672 0.4567901234567901
0 73 672 0.4567901234567901
0 74 672 0.4567901234567901
0 75 672 0.4567901234567901
0 76 672 0.4567901234567901
0 77 1832 0.4609053497942387
0 78 1832 0.4609053497942387
0 79 1832 0.4609053497942387
0 80 1832 0.4609053497942387
0 81 1832 0.4609053497942387
0 82 1832 0.4609053497942387
0 83 1832 0.4609053497942387
0 84 1832 0.4609053497942387
0 85 1832 0.4609053497942387
0 86 1832 0.4609053497942387
0 87 1832 0.4609053497942387
0 88 1832 0.4609053497942387
0 89 1832 0.4609053497942387
0 90 1832 0.4609053497942387
0 91 1832 0.4609053497942387
0 92 1832 0.4609053497942387
0 93 1832 0.4609053497942387
0 94 1832 0.4609053497942387
0 95 1832 0.4609053497942387
0 96 1832 0.4609053497942387
0 97 1832 0.4609053497942387
0 98 1832 0.4609053497942387
0 99 1832 0.4609053497942387
0 100 1832 0.4609053497942387
0 101 1832 0.4609053497942387
0 102 1832 0.4609053497942387
0 103 3304 0.4444444444444444
0 104 3304 0.4444444444444444
0 105 3304 0.4444444444444444
0 106 3304 0.4444444444444444
0 107 3304 0.4444444444444444
0 108 3304 0.4444444444444444
0 109 3304 0.4444444444444444
0 110 3304 0.4444444444444444
0 111 3304 0.4444444444444444
0 112 3304 0.4444444444444444
0 113 3304 0.4444444444444444
0 114 3304 0.4444444444444444
0 115 3304 0.4444444444444444
0 116 3304 0.4444444444444444
0 117 3304 0.4444444444444444
0 118 3304 0.4444444444444444
0 119 3304 0.4444444444444444
0 120 3304 0.4444444444444444
0 121 3304 0.4444444444444444
0 122 3304 0.4444444444444444
0 123 3304 0.4444444444444444
0 124 3304 0.4444444444444444
0 125 3304 0.4444444444444444
0 126 3304 0.4444444444444444
0 127 3304 0.4444444444444444
0 128 3304 0.4444444444444444
0 129 3304 0.4444444444444444
0 130 3304 0.4444444444444444
0 131 3304 0.4444444444444444
0 132 3304 0.4444444444444444
0 133 3304 0.4444444444444444
0 134 3304 0.4444444444444444
0 135 3304 0.4444444444444444
0 136 3304 0.4444444444444444
0 137 3304 0.4444444444444444
0 138 3304 0.4444444444444444
0 139 3304 0.4444444444444444
0 140 3304 0.4444444444444444
0 141 3304 0.4444444444444444
0 142 3304 0.4444444444444444
0 143 3304 0.4444444444444444
0 144 3304 0.4444444444444444
0 145 3304 0.4444444444444444
0 146 3304 0.4444444444444444
0 147 3304 0.4444444444444444
0 148 3304 0.4444444444444444
0 149 3304 0.4444444444444444
0 150 3304 0.4444444444444444
0 151 3304 0.4444444444444444
0 152 3304 0.4444444444444444
0 153 3304 0.4444444444444444
0 154 3304 0.4444444444444444
0 155 3304 0.4444444444444444
0 156 3304 0.4444444444444444
0 157 3304 0.4444444444444444
0 158 3304 0.4444444444444444
0 159 3304 0.4444444444444444
0 160 3304 0.4444444444444444
0 161 3304 0.4444444444444444
0 162 3304 0.4444444444444444
0 163 3304 0.4444444444444444
0 164 3304 0.4444444444444444
0 165 3304 0.4444444444444444
0 166 3304 0.4444444444444444
0 167 3304 0.4444444444444444
0 168 3304 0.4444444444444444
0 169 3304 0.4444444444444444
0 170 3304 0.4444444444444444
0 171 3304 0.4444444444444444
0 172 3304 0.4444444444444444
0 173 3304 0.4444444444444444
0 174 3304 0.4444444444444444
0 175 3328 0.4444444444444444
0 176 3328 0.4444444444444444
0 177 3972 0.4444444444444444
0 178 3972 0.4444444444444444
0 179 3972 0.4444444444444444
0 180 3972 0.4444444444444444
0 181 3972 0.4444444444444444
0 182 3972 0.4444444444444444
0 183 3972 0.4444444444444444
0 184 3972 0.4444444444444444
0 185 3972 0.4444444444444444
0 186 3972 0.4444444444444444
0 187 3972 0.4444444444444444
0 188 3972 0.4444444444444444
0 189 3972 0.4444444444444444
0 190 3972 0.4444444444444444
0 191 3972 0.4444444444444444
0 192 3972 0.4444444444444444
0 193 3972 0.4444444444444444
0 194 3972 0.4444444444444444
0 195 3972 0.4444444444444444
0 196 3972 0.4444444444444444
0 197 3972 0.4444444444444444
0 198 3972 0.4444444444444444
0 199 3972 0.4444444444444444
0 200 3972 0.4444444444444444
0 201 3972 0.4444444444444444
0 202 3972 0.4444444444444444
0 203 3972 0.4444444444444444
0 204 3972 0.4444444444444444
0 205 3972 0.4444444444444444
0 206 3972 0.4444444444444444
0 207 3972 0.4444444444444444
0 208 3972 0.4444444444444444
0 209 3972 0.4444444444444444
0 210 3972 0.4444444444444444
0 211 3972 0.4444444444444444
0 212 3972 0.4444444444444444
0 213 3972 0.4444444444444444
0 214 3972 0.4444444444444444
0 215 3972 0.4444444444444444
0 216 3972 0.4444444444444444
0 217 3972 0.4444444444444444
0 218 3972 0.4444444444444444
0 219 3972 0.4444444444444444
0 220 3972 0.4444444444444444
0 221 5864 0.43621399176954734
0 222 5864 0.43621399176954734
0 223 5864 0.43621399176954734
0 224 5864 0.43621399176954734
0 225 5864 0.43621399176954734
0 226 5864 0.43621399176954734
0 227 5864 0.43621399176954734
0 228 5864 0.43621399176954734
0 229 5864 0.43621399176954734
0 230 5864 0.43621399176954734
0 231 5864 0.43621399176954734
0 232 5864 0.43621399176954734
0 233 5864 0.43621399176954734
0 234 5864 0.43621399176954734
0 235 5864 0.43621399176954734
0 236 5864 0.43621399176954734
0 237 5864 0.43621399176954734
0 238 5952 0.4403292181069959
0 239 5952 0.4403292181069959
0 240 5952 0.4403292181069959
0 241 6688 0.43621399176954734
0 242 6688 0.43621399176954734
0 243 6688 0.43621399176954734
0 244 6688 0.43621399176954734
0 245 6688 0.43621399176954734
0 246 6688 0.43621399176954734
0 247 6688 0.43621399176954734
0 248 6688 0.43621399176954734
0 249 6688 0.43621399176954734
0 250 6688 0.43621399176954734
0 251 6688 0.43621399176954734
0 252 6688 0.43621399176954734
0 253 6688 0.43621399176954734
0 254 6688 0.43621399176954734
0 255 6688 0.43621399176954734
0 256 6688 0.43621399176954734
0 257 6688 0.43621399176954734
0 258 6688 0.43621399176954734
0 259 6688 0.43621399176954734
0 260 6688 0.43621399176954734
0 261 6688 0.43621399176954734
0 262 6688 0.43621399176954734
0 263 6688 0.43621399176954734
0 264 6688 0.43621399176954734
0 265 6688 0.43621399176954734
0 266 6688 0.43621399176954734
0 267 6688 0.43621399176954734
0 268 6688 0.43621399176954734
0 269 6688 0.43621399176954734
0 270 6688 0.43621399176954734
0 271 6688 0.43621399176954734
0 272 6688 0.43621399176954734
0 273 6688 0.43621399176954734
0 274 6688 0.43621399176954734
0 275 6688 0.43621399176954734
0 276 6688 0.43621399176954734
0 277 6688 0.43621399176954734
0 278 6688 0.43621399176954734
0 279 6688 0.43621399176954734
0 280 6688 0.43621399176954734
0 281 6688 0.43621399176954734
0 282 6688 0.43621399176954734
0 283 6688 0.43621399176954734
0 284 6688 0.43621399176954734
0 285 6688 0.43621399176954734
0 286 6688 0.43621399176954734
0 287 6688 0.43621399176954734
0 288 6688 0.43621399176954734
0 289 6688 0.43621399176954734
0 290 6688 0.43621399176954734
0 291 6688 0.43621399176954734
0 292 6688 0.43621399176954734
0 293 6688 0.43621399176954734
0 294 6688 0.43621399176954734
0 295 6688 0.43621399176954734
0 296 6688 0.43621399176954734
0 297 6688 0.43621399176954734
0 298 6688 0.43621399176954734
0 299 6688 0.43621399176954734
0 300 6688 0.43621399176954734
0 301 6688 0.43621399176954734
0 302 6688 0.43621399176954734
0 303 6688 0.43621399176954734
0 304 6688 0.43621399176954734
0 305 6688 0.43621399176954734
0 306 6688 0.43621399176954734
0 307 6688 0.43621399176954734
0 308 6688 0.43621399176954734
0 309 6688 0.43621399176954734
0 310 6688 0.43621399176954734
0 311 6688 0.43621399176954734
0 312 6688 0.43621399176954734
0 313 6688 0.43621399176954734
0 314 6688 0.43621399176954734
0 315 6688 0.43621399176954734
0 316 6688 0.43621399176954734
0 317 6688 0.43621399176954734
0 318 6688 0.43621399176954734
0 319 6688 0.43621399176954734
0 320 6688 0.43621399176954734
0 321 6688 0.43621399176954734
0 322 6688 0.43621399176954734
0 323 6688 0.43621399176954734
0 324 6688 0.43621399176954734
0 325 6688 0.43621399176954734
0 326 6688 0.43621399176954734
0 327 6688 0.43621399176954734
0 328 6688 0.43621399176954734
0 329 6688 0.43621399176954734
0 330 6688 0.43621399176954734
0 331 6688 0.43621399176954734
0 332 6688 0.43621399176954734
0 333 6688 0.43621399176954734
0 334 6688 0.43621399176954734
0 335 6688 0.43621399176954734
0 336 6688 0.43621399176954734
0 337 6688 0.43621399176954734
0 338 6688 0.43621399176954734
0 339 6688 0.43621399176954734
0 340 6688 0.43621399176954734
0 341 6688 0.43621399176954734
0 342 6688 0.43621399176954734
0 343 6688 0.43621399176954734
0 344 6688 0.43621399176954734
0 345 6688 0.43621399176954734
0 346 6688 0.43621399176954734
0 347 6688 0.43621399176954734
0 348 6688 0.43621399176954734
0 349 6688 0.43621399176954734
0 350 6688 0.43621399176954734
0 351 6688 0.43621399176954734
0 352 6688 0.43621399176954734
0 353 6688 0.43621399176954734
0 354 6688 0.43621399176954734
0 355 6688 0.43621399176954734
0 356 6688 0.43621399176954734
0 357 6688 0.43621399176954734
0 358 6688 0.43621399176954734
0 359 6688 0.43621399176954734
0 360 6688 0.43621399176954734
0 361 6688 0.43621399176954734
0 362 6688 0.43621399176954734
0 363 6688 0.43621399176954734
0 364 6688 0.43621399176954734
0 365 6688 0.43621399176954734
0 366 6688 0.43621399176954734
0 367 6688 0.43621399176954734
0 368 6688 0.43621399176954734
0 369 6688 0.43621399176954734
0 370 6688 0.43621399176954734
0 371 6688 0.43621399176954734
0 372 6688 0.43621399176954734
0 373 6688 0.43621399176954734
0 374 6688 0.43621399176954734
0 375 6688 0.43621399176954734
0 376 6688 0.43621399176954734
0 377 6688 0.43621399176954734
0 378 6688 0.43621399176954734
0 379 6688 0.43621399176954734
0 380 6688 0.43621399176954734
0 381 6688 0.43621399176954734
0 382 6688 0.43621399176954734
0 383 6688 0.43621399176954734
0 384 6688 0.43621399176954734
0 385 6688 0.43621399176954734
0 386 6688 0.43621399176954734
0 387 6688 0.43621399176954734
0 388 6688 0.43621399176954734
0 389 6688 0.43621399176954734
0 390 6688 0.43621399176954734
0 391 6688 0.43621399176954734
0 392 6688 0.43621399176954734
0 393 6688 0.43621399176954734
0 394 6688 0.43621399176954734
0 395 6688 0.43621399176954734
0 396 6688 0.43621399176954734
0 397 6688 0.43621399176954734
0 398 6688 0.43621399176954734
0 399 6688 0.43621399176954734
0 400 6688 0.43621399176954734
0 401 6688 0.43621399176954734
0 402 6688 0.43621399176954734
0 403 6688 0.43621399176954734
0 404 6688 0.43621399176954734
0 405 6688 0.43621399176954734
0 406 6688 0.43621399176954734
0 407 6688 0.43621399176954734
0 408 6688 0.43621399176954734
0 409 6688 0.43621399176954734
0 410 6688 0.43621399176954734
0 411 6688 0.43621399176954734
0 412 6688 0.43621399176954734
0 413 6688 0.43621399176954734
0 414 6688 0.43621399176954734
0 415 6688 0.43621399176954734
0 416 6688 0.43621399176954734
0 417 6688 0.43621399176954734
0 418 6688 0.43621399176954734
0 419 6688 0.43621399176954734
0 420 6688 0.43621399176954734
0 421 6688 0.43621399176954734
0 422 6688 0.43621399176954734
0 423 6688 0.43621399176954734
0 424 6688 0.43621399176954734
0 425 6688 0.43621399176954734
0 426 6688 0.43621399176954734
0 427 6688 0.43621399176954734
0 428 6688 0.43621399176954734
0 429 6688 0.43621399176954734
0 430 6688 0.43621399176954734
0 431 6688 0.43621399176954734
0 432 6688 0.43621399176954734
0 433 6688 0.43621399176954734
0 434 6688 0.43621399176954734
0 435 6688 0.43621399176954734
0 436 6688 0.43621399176954734
0 437 6688 0.43621399176954734
0 438 6688 0.43621399176954734
0 439 6688 0.43621399176954734
0 440 6688 0.43621399176954734
0 441 6688 0.43621399176954734
0 442 6688 0.43621399176954734
0 443 6688 0.43621399176954734
0 444 6688 0.43621399176954734
0 445 6688 0.43621399176954734
0 446 6688 0.43621399176954734
0 447 6688 0.43621399176954734
0 448 6688 0.43621399176954734
0 449 8268 0.43621399176954734
0 450 8268 0.43621399176954734
0 451 8268 0.43621399176954734
0 452 8268 0.43621399176954734
0 453 8268 0.43621399176954734
0 454 8268 0.43621399176954734
0 455 8268 0.43621399176954734
0 456 8268 0.43621399176954734
0 457 8268 0.43621399176954734
0 458 8268 0.43621399176954734
0 459 8268 0.43621399176954734
0 460 8268 0.43621399176954734
0 461 8268 0.43621399176954734
0 462 8268 0.43621399176954734
0 463 8268 0.43621399176954734
0 464 8268 0.43621399176954734
0 465 8268 0.43621399176954734
0 466 8268 0.43621399176954734
0 467 8268 0.43621399176954734
0 468 8268 0.43621399176954734
0 469 8268 0.43621399176954734
0 470 8268 0.43621399176954734
0 471 8268 0.43621399176954734
0 472 8268 0.43621399176954734
0 473 8268 0.43621399176954734
0 474 8268 0.43621399176954734
0 475 8268 0.43621399176954734
0 476 8268 0.43621399176954734
0 477 8268 0.43621399176954734
0 478 8268 0.43621399176954734
0 479 8268 0.43621399176954734
0 480 8268 0.43621399176954734
0 481 8268 0.43621399176954734
0 482 8268 0.43621399176954734
0 483 8268 0.43621399176954734
0 484 8268 0.43621399176954734
0 485 8268 0.43621399176954734
0 486 8268 0.43621399176954734
0 487 8268 0.43621399176954734
0 488 8268 0.43621399176954734
0 489 8268 0.43621399176954734
0 490 8268 0.43621399176954734
0 491 8268 0.43621399176954734
0 492 8268 0.43621399176954734
0 493 8268 0.43621399176954734
0 494 8268 0.43621399176954734
0 495 8268 0.43621399176954734
0 496 8268 0.43621399176954734
0 497 8268 0.43621399176954734
0 498 8268 0.43621399176954734
0 499 8268 0.43621399176954734
0 500 8268 0.43621399176954734
0 501 8268 0.43621399176954734
0 502 8268 0.43621399176954734
0 503 8268 0.43621399176954734
0 504 8268 0.43621399176954734
0 505 8268 0.43621399176954734
0 506 8268 0.43621399176954734
0 507 8268 0.43621399176954734
0 508 8268 0.43621399176954734
0 509 8268 0.43621399176954734
0 510 8268 0.43621399176954734
0 511 8268 0.43621399176954734
0 512 8268 0.43621399176954734
0 513 10000 0.4074074074074074
1 0 1 0.4567901234567901
1 1 1 0.4567901234567901
1 2 1 0.4567901234567901
1 3 4 0.43209876543209874
1 4 4 0.43209876543209874
1 5 8 0.42386831275720166
1 6 8 0.42386831275720166
1 7 8 0.42386831275720166
1 8 8 0.42386831275720166
1 9 8 0.42386831275720166
1 10 88 0.42386831275720166
1 11 88 0.42386831275720166
1 12 88 0.42386831275720166
1 13 96 0.43209876543209874
1 14 96 0.43209876543209874
1 15 96 0.43209876543209874
1 16 96 0.43209876543209874
1 17 96 0.43209876543209874
1 18 148 0.448559670781893
1 19 148 0.448559670781893
1 20 148 0.448559670781893
1 21 148 0.448559670781893
1 22 148 0.448559670781893
1 23 244 0.43209876543209874
1 24 244 0.43209876543209874
1 25 244 0.43209876543209874
1 26 244 0.43209876543209874
1 27 244 0.43209876543209874
1 28 244 0.43209876543209874
1 29 244 0.43209876543209874
1 30 424 0.448559670781893
1 31 424 0.448559670781893
1 32 580 0.4403292181069959
1 33 580 0.4403292181069959
1 34 580 0.4403292181069959
1 35 580 0.4403292181069959
1 36 580 0.4403292181069959
1 37 580 0.4403292181069959
1 38 580 0.4403292181069959
1 39 580 0.4403292181069959
1 40 580 0.4403292181069959
1 41 580 0.4403292181069959
1 42 580 0.4403292181069959
1 43 580 0.4403292181069959
1 44 580 0.4403292181069959
1 45 580 0.4403292181069959
1 46 580 0.4403292181069959
1 47 580 0.4403292181069959
1 48 580 0.4403292181069959
1 49 580 0.4403292181069959
1 50 580 0.4403292181069959
1 51 580 0.4403292181069959
1 52 580 0.4403292181069959
1 53 580 0.4403292181069959
1 54 580 0.4403292181069959
1 55 580 0.4403292181069959
1 56 580 0.4403292181069959
1 57 580 0.4403292181069959
1 58 580 0.4403292181069959
1 59 580 0.4403292181069959
1 60 580 0.4403292181069959
1 61 580 0.4403292181069959
1 62 580 0.4403292181069959
1 63 580 0.4403292181069959
1 64 580 0.4403292181069959
1 65 580 0.4403292181069959
1 66 580 0.4403292181069959
1 67 580 0.4403292181069959
1 68 580 0.4403292181069959
1 69 580 0.4403292181069959
1 70 580 0.4403292181069959
1 71 580 0.4403292181069959
1 72 580 0.4403292181069959
1 73 580 0.4403292181069959
1 74 580 0.4403292181069959
1 75 580 0.4403292181069959
1 76 580 0.4403292181069959
1 77 580 0.4403292181069959
1 78 580 0.4403292181069959
1 79 580 0.4403292181069959
1 80 580 0.4403292181069959
1 81 580 0.4403292181069959
1 82 580 0.4403292181069959
1 83 580 0.4403292181069959
1 84 580 0.4403292181069959
1 85 1176 0.448559670781893
1 86 1176 0.448559670781893
1 87 1176 0.448559670781893
1 88 1176 0.448559670781893
1 89 1176 0.448559670781893
1 90 1176 0.448559670781893
1 91 1176 0.448559670781893
1 92 1176 0.448559670781893
1 93 1176 0.448559670781893
1 94 1176 0.448559670781893
1 95 1176 0.448559670781893
1 96 1176 0.448559670781893
1 97 1176 0.448559670781893
1 98 1176 0.448559670781893
1 99 1176 0.448559670781893
1 100 1176 0.448559670781893
1 101 1176 0.448559670781893
1 102 1176 0.448559670781893
1 103 1176 0.448559670781893
1 104 1176 0.448559670781893
1 105 1176 0.448559670781893
1 106 1176 0.448559670781893
1 107 1176 0.448559670781893
1 108 1176 0.448559670781893
1 109 1176 0.448559670781893
1 110 1176 0.448559670781893
1 111 1176 0.448559670781893
1 112 1176 0.448559670781893
1 113 1176 0.448559670781893
1 114 1176 0.448559670781893
1 115 1176 0.448559670781893
1 116 1176 0.448559670781893
1 117 1176 0.448559670781893
1 118 1176 0.448559670781893
1 119 1176 0.448559670781893
1 120 1176 0.448559670781893
1 121 1176 0.448559670781893
1 122 1176 0.448559670781893
1 123 1176 0.448559670781893
1 124 1176 0.448559670781893
1 125 1176 0.448559670781893
1 126 1176 0.448559670781893
1 127 1176 0.448559670781893
1 128 1176 0.448559670781893
1 129 1176 0.448559670781893
1 130 1176 0.448559670781893
1 131 1176 0.448559670781893
1 132 1176 0.448559670781893
1 133 2096 0.4403292181069959
1 134 2096 0.4403292181069959
1 135 2096 0.4403292181069959
1 136 2096 0.4403292181069959
1 137 2096 0.4403292181069959
1 138 2096 0.4403292181069959
1 139 2096 0.4403292181069959
1 140 2096 0.4403292181069959
1 141 2096 0.4403292181069959
1 142 2096 0.4403292181069959
1 143 2096 0.4403292181069959
1 144 2096 0.4403292181069959
1 145 2096 0.4403292181069959
1 146 2096 0.4403292181069959
1 147 2096 0.4403292181069959
1 148 2096 0.4403292181069959
1 149 2096 0.4403292181069959
1 150 2096 0.4403292181069959
1 151 2096 0.4403292181069959
1 152 2096 0.4403292181069959
1 153 2096 0.4403292181069959
1 154 2096 0.4403292181069959
1 155 2096 0.4403292181069959
1 156 2096 0.4403292181069959
1 157 2096 0.4403292181069959
1 158 2096 0.4403292181069959
1 159 2096 0.4403292181069959
1 160 2096 0.4403292181069959
1 161 2096 0.4403292181069959
1 162 2096 0.4403292181069959
1 163 2096 0.4403292181069959
1 164 2096 0.4403292181069959
1 165 2096 0.4403292181069959
1 166 2096 0.4403292181069959
1 167 2096 0.4403292181069959
1 168 2096 0.4403292181069959
1 169 2096 0.4403292181069959
1 170 2096 0.4403292181069959
1 171 2096 0.4403292181069959
1 172 2096 0.4403292181069959
1 173 2096 0.4403292181069959
1 174 2096 0.4403292181069959
1 175 2096 0.4403292181069959
1 176 2096 0.4403292181069959
1 177 2096 0.4403292181069959
1 178 2096 0.4403292181069959
1 179 2096 0.4403292181069959
1 180 2096 0.4403292181069959
1 181 2096 0.4403292181069959
1 182 2096 0.4403292181069959
1 183 2096 0.4403292181069959
1 184 2096 0.4403292181069959
1 185 2096 0.4403292181069959
1 186 2096 0.4403292181069959
1 187 2096 0.4403292181069959
1 188 2096 0.4403292181069959
1 189 2096 0.4403292181069959
1 190 2096 0.4403292181069959
1 191 2096 0.4403292181069959
1 192 2096 0.4403292181069959
1 193 2096 0.4403292181069959
1 194 2096 0.4403292181069959
1 195 2096 0.4403292181069959
1 196 2096 0.4403292181069959
1 197 2096 0.4403292181069959
1 198 2096 0.4403292181069959
1 199 2096 0.4403292181069959
1 200 2096 0.4403292181069959
1 201 2096 0.4403292181069959
1 202 2096 0.4403292181069959
1 203 2096 0.4403292181069959
1 204 2536 0.43209876543209874
1 205 2536 0.43209876543209874
1 206 2536 0.43209876543209874
1 207 2536 0.43209876543209874
1 208 2536 0.43209876543209874
1 209 2536 0.43209876543209874
1 210 2536 0.43209876543209874
1 211 2536 0.43209876543209874
1 212 2536 0.43209876543209874
1 213 2536 0.43209876543209874
1 214 2536 0.43209876543209874
1 215 2536 0.43209876543209874
1 216 2536 0.43209876543209874
1 217 2536 0.43209876543209874
1 218 2536 0.43209876543209874
1 219 2536 0.43209876543209874
1 220 2536 0.43209876543209874
1 221 2536 0.43209876543209874
1 222 2536 0.43209876543209874
1 223 2536 0.43209876543209874
1 224 2536 0.43209876543209874
1 225 2536 0.43209876543209874
1 226 2536 0.43209876543209874
1 227 2536 0.43209876543209874
1 228 2536 0.43209876543209874
1 229 2536 0.43209876543209874
1 230 2536 0.43209876543209874
1 231 2536 0.43209876543209874
1 232 2536 0.43209876543209874
1 233 2536 0.43209876543209874
1 234 2536 0.43209876543209874
1 235 2536 0.43209876543209874
1 236 2536 0.43209876543209874
1 237 2536 0.43209876543209874
1 238 2536 0.43209876543209874
1 239 2536 0.43209876543209874
1 240 2536 0.43209876543209874
1 241 2536 0.43209876543209874
1 242 2536 0.43209876543209874
1 243 2536 0.43209876543209874
1 244 2536 0.43209876543209874
1 245 2536 0.43209876543209874
1 246 2536 0.43209876543209874
1 247 2536 0.43209876543209874
1 248 2536 0.43209876543209874
1 249 2536 0.43209876543209874
1 250 2536 0.43209876543209874
1 251 2536 0.43209876543209874
1 252 2536 0.43209876543209874
1 253 2536 0.43209876543209874
1 254 2536 0.43209876543209874
1 255 2536 0.43209876543209874
1 256 2536 0.43209876543209874
1 257 2536 0.43209876543209874
1 258 2536 0.43209876543209874
1 259 2536 0.43209876543209874
1 260 2536 0.43209876543209874
1 261 2536 0.43209876543209874
1 262 2536 0.43209876543209874
1 263 2536 0.43209876543209874
1 264 2536 0.43209876543209874
1 265 2536 0.43209876543209874
1 266 2536 0.43209876543209874
1 267 2536 0.43209876543209874
1 268 2536 0.43209876543209874
1 269 2536 0.43209876543209874
1 270 2536 0.43209876543209874
1 271 2536 0.43209876543209874
1 272 2536 0.43209876543209874
1 273 2536 0.43209876543209874
1 274 2536 0.43209876543209874
1 275 2536 0.43209876543209874
1 276 2536 0.43209876543209874
1 277 2536 0.43209876543209874
1 278 2536 0.43209876543209874
1 279 2536 0.43209876543209874
1 280 2536 0.43209876543209874
1 281 2536 0.43209876543209874
1 282 2536 0.43209876543209874
1 283 2536 0.43209876543209874
1 284 2536 0.43209876543209874
1 285 2536 0.43209876543209874
1 286 2536 0.43209876543209874
1 287 2536 0.43209876543209874
1 288 2536 0.43209876543209874
1 289 2536 0.43209876543209874
1 290 2536 0.43209876543209874
1 291 2536 0.43209876543209874
1 292 2536 0.43209876543209874
1 293 2536 0.43209876543209874
1 294 2536 0.43209876543209874
1 295 2536 0.43209876543209874
1 296 2536 0.43209876543209874
1 297 2536 0.43209876543209874
1 298 2536 0.43209876543209874
1 299 2536 0.43209876543209874
1 300 2536 0.43209876543209874
1 301 2536 0.43209876543209874
1 302 2536 0.43209876543209874
1 303 2536 0.43209876543209874
1 304 2536 0.43209876543209874
1 305 2536 0.43209876543209874
1 306 2536 0.43209876543209874
1 307 2536 0.43209876543209874
1 308 2536 0.43209876543209874
1 309 2536 0.43209876543209874
1 310 2536 0.43209876543209874
1 311 2536 0.43209876543209874
1 312 2536 0.43209876543209874
1 313 2536 0.43209876543209874
1 314 2536 0.43209876543209874
1 315 2536 0.43209876543209874
1 316 2536 0.43209876543209874
1 317 2536 0.43209876543209874
1 318 2536 0.43209876543209874
1 319 2536 0.43209876543209874
1 320 2536 0.43209876543209874
1 321 2536 0.43209876543209874
1 322 2536 0.43209876543209874
1 323 2536 0.43209876543209874
1 324 2536 0.43209876543209874
1 325 2536 0.43209876543209874
1 326 2536 0.43209876543209874
1 327 2536 0.43209876543209874
1 328 2536 0.43209876543209874
1 329 2536 0.43209876543209874
1 330 2536 0.43209876543209874
1 331 2536 0.43209876543209874
1 332 2536 0.43209876543209874
1 333 2536 0.43209876543209874
1 334 2536 0.43209876543209874
1 335 2536 0.43209876543209874
1 336 2536 0.43209876543209874
1 337 2536 0.43209876543209874
1 338 2536 0.43209876543209874
1 339 2536 0.43209876543209874
1 340 2536 0.43209876543209874
1 341 2536 0.43209876543209874
1 342 2536 0.43209876543209874
1 343 2536 0.43209876543209874
1 344 2536 0.43209876543209874
1 345 2536 0.43209876543209874
1 346 2536 0.43209876543209874
1 347 2536 0.43209876543209874
1 348 2536 0.43209876543209874
1 349 4468 0.4156378600823045
1 350 4468 0.4156378600823045
1 351 4468 0.4156378600823045
1 352 4468 0.4156378600823045
1 353 4468 0.4156378600823045
1 354 4468 0.4156378600823045
1 355 4468 0.4156378600823045
1 356 4468 0.4156378600823045
1 357 4468 0.4156378600823045
1 358 4468 0.4156378600823045
1 359 4468 0.4156378600823045
1 360 4468 0.4156378600823045
1 361 4468 0.4156378600823045
1 362 4468 0.4156378600823045
1 363 4468 0.4156378600823045
1 364 4468 0.4156378600823045
1 365 4468 0.4156378600823045
1 366 4468 0.4156378600823045
1 367 4468 0.4156378600823045
1 368 4468 0.4156378600823045
1 369 4468 0.4156378600823045
1 370 4468 0.4156378600823045
1 371 4468 0.4156378600823045
1 372 4468 0.4156378600823045
1 373 4468 0.4156378600823045
1 374 4468 0.4156378600823045
1 375 4468 0.4156378600823045
1 376 4468 0.4156378600823045
1 377 4468 0.4156378600823045
1 378 4468 0.4156378600823045
1 379 4468 0.4156378600823045
1 380 4468 0.4156378600823045
1 381 4468 0.4156378600823045
1 382 4468 0.4156378600823045
1 383 4468 0.4156378600823045
1 384 4468 0.4156378600823045
1 385 4468 0.4156378600823045
1 386 4468 0.4156378600823045
1 387 4468 0.4156378600823045
1 388 4468 0.4156378600823045
1 389 4468 0.4156378600823045
1 390 4468 0.4156378600823045
1 391 4468 0.4156378600823045
1 392 4468 0.4156378600823045
1 393 4468 0.4156378600823045
1 394 4468 0.4156378600823045
1 395 4468 0.4156378600823045
1 396 4468 0.4156378600823045
1 397 4468 0.4156378600823045
1 398 4468 0.4156378600823045
1 399 4468 0.4156378600823045
1 400 4468 0.4156378600823045
1 401 4468 0.4156378600823045
1 402 4468 0.4156378600823045
1 403 4468 0.4156378600823045
1 404 4468 0.4156378600823045
1 405 4468 0.4156378600823045
1 406 4468 0.4156378600823045
1 407 4468 0.4156378600823045
1 408 4468 0.4156378600823045
1 409 4468 0.4156378600823045
1 410 4468 0.4156378600823045
1 411 4468 0.4156378600823045
1 412 4468 0.4156378600823045
1 413 4468 0.4156378600823045
1 414 4468 0.4156378600823045
1 415 4468 0.4156378600823045
1 416 4468 0.4156378600823045
1 417 4468 0.4156378600823045
1 418 4468 0.4156378600823045
1 419 4468 0.4156378600823045
1 420 4468 0.4156378600823045
1 421 4468 0.4156378600823045
1 422 4468 0.4156378600823045
1 423 4468 0.4156378600823045
1 424 4468 0.4156378600823045
1 425 4468 0.4156378600823045
1 426 4468 0.4156378600823045
1 427 4468 0.4156378600823045
1 428 4468 0.4156378600823045
1 429 4468 0.4156378600823045
1 430 4468 0.4156378600823045
1 431 4468 0.4156378600823045
1 432 4468 0.4156378600823045
1 433 4468 0.4156378600823045
1 434 4468 0.4156378600823045
1 435 4468 0.4156378600823045
1 436 4468 0.4156378600823045
1 437 4468 0.4156378600823045
1 438 4468 0.4156378600823045
1 439 4468 0.4156378600823045
1 440 4468 0.4156378600823045
1 441 4468 0.4156378600823045
1 442 4468 0.4156378600823045
1 443 4468 0.4156378600823045
1 444 4468 0.4156378600823045
1 445 4468 0.4156378600823045
1 446 4468 0.4156378600823045
1 447 4468 0.4156378600823045
1 448 4468 0.4156378600823045
1 449 4468 0.4156378600823045
1 450 4468 0.4156378600823045
1 451 4468 0.4156378600823045
1 452 4468 0.4156378600823045
1 453 4468 0.4156378600823045
1 454 4468 0.4156378600823045
1 455 4468 0.4156378600823045
1 456 4468 0.4156378600823045
1 457 4468 0.4156378600823045
1 458 4468 0.4156378600823045
1 459 4468 0.4156378600823045
1 460 4468 0.4156378600823045
1 461 4468 0.4156378600823045
1 462 4468 0.4156378600823045
1 463 4468 0.4156378600823045
1 464 4468 0.4156378600823045
1 465 4468 0.4156378600823045
1 466 4468 0.4156378600823045
1 467 4468 0.4156378600823045
1 468 4468 0.4156378600823045
1 469 4468 0.4156378600823045
1 470 4468 0.4156378600823045
1 471 4468 0.4156378600823045
1 472 4468 0.4156378600823045
1 473 4468 0.4156378600823045
1 474 4468 0.4156378600823045
1 475 4468 0.4156378600823045
1 476 4468 0.4156378600823045
1 477 4468 0.4156378600823045
1 478 4468 0.4156378600823045
1 479 4468 0.4156378600823045
1 480 4468 0.4156378600823045
1 481 4468 0.4156378600823045
1 482 4468 0.4156378600823045
1 483 4468 0.4156378600823045
1 484 4468 0.4156378600823045
1 485 4468 0.4156378600823045
1 486 4468 0.4156378600823045
1 487 4468 0.4156378600823045
1 488 4468 0.4156378600823045
1 489 4468 0.4156378600823045
1 490 4468 0.4156378600823045
1 491 4468 0.4156378600823045
1 492 4468 0.4156378600823045
1 493 4468 0.4156378600823045
1 494 4468 0.4156378600823045
1 495 4468 0.4156378600823045
1 496 4468 0.4156378600823045
1 497 4468 0.4156378600823045
1 498 4468 0.4156378600823045
1 499 4468 0.4156378600823045
1 500 4468 0.4156378600823045
1 501 4468 0.4156378600823045
1 502 4468 0.4156378600823045
1 503 4468 0.4156378600823045
1 504 4468 0.4156378600823045
1 505 4468 0.4156378600823045
1 506 4468 0.4156378600823045
1 507 4468 0.4156378600823045
1 508 4468 0.4156378600823045
1 509 4468 0.4156378600823045
1 510 4468 0.4156378600823045
1 511 4468 0.4156378600823045
1 512 4468 0.4156378600823045
1 513 4468 0.4156378600823045
1 514 4468 0.4156378600823045
1 515 4468 0.4156378600823045
1 516 4468 0.4156378600823045
1 517 4468 0.4156378600823045
1 518 4468 0.4156378600823045
1 519 4468 0.4156378600823045
1 520 4468 0.4156378600823045
1 521 4468 0.4156378600823045
1 522 4468 0.4156378600823045
1 523 4468 0.4156378600823045
1 524 4468 0.4156378600823045
1 525 4468 0.4156378600823045
1 526 4468 0.4156378600823045
1 527 4468 0.4156378600823045
1 528 4468 0.4156378600823045
1 529 4468 0.4156378600823045
1 530 4468 0.4156378600823045
1 531 4468 0.4156378600823045
1 532 4468 0.4156378600823045
1 533 4468 0.4156378600823045
1 534 4468 0.4156378600823045
1 535 4468 0.4156378600823045
1 536 4468 0.4156378600823045
1 537 4468 0.4156378600823045
1 538 4468 0.4156378600823045
1 539 4468 0.4156378600823045
1 540 4468 0.4156378600823045
1 541 4468 0.4156378600823045
1 542 4468 0.4156378600823045
1 543 4468 0.4156378600823045
1 544 4468 0.4156378600823045
1 545 4468 0.4156378600823045
1 546 4468 0.4156378600823045
1 547 4468 0.4156378600823045
1 548 4468 0.4156378600823045
1 549 4468 0.4156378600823045
1 550 4468 0.4156378600823045
1 551 4468 0.4156378600823045
1 552 4468 0.4156378600823045
1 553 4468 0.4156378600823045
1 554 4468 0.4156378600823045
1 555 4468 0.4156378600823045
1 556 4468 0.4156378600823045
1 557 4468 0.4156378600823045
1 558 4468 0.4156378600823045
1 559 4468 0.4156378600823045
1 560 4468 0.4156378600823045
1 561 4468 0.4156378600823045
1 562 4468 0.4156378600823045
1 563 4468 0.4156378600823045
1 564 4468 0.4156378600823045
1 565 4468 0.4156378600823045
1 566 4468 0.4156378600823045
1 567 4468 0.4156378600823045
1 568 4468 0.4156378600823045
1 569 4468 0.4156378600823045
1 570 4468 0.4156378600823045
1 571 4468 0.4156378600823045
1 572 4468 0.4156378600823045
1 573 4468 0.4156378600823045
1 574 4468 0.4156378600823045
1 575 4468 0.4156378600823045
1 576 4468 0.4156378600823045
1 577 4468 0.4156378600823045
1 578 4468 0.4156378600823045
1 579 4468 0.4156378600823045
1 580 4468 0.4156378600823045
1 581 4468 0.4156378600823045
1 582 4468 0.4156378600823045
1 583 4468 0.4156378600823045
1 584 4468 0.4156378600823045
1 585 4468 0.4156378600823045
1 586 4468 0.4156378600823045
1 587 4468 0.4156378600823045
1 588 4468 0.4156378600823045
1 589 4468 0.4156378600823045
1 590 4468 0.4156378600823045
1 591 4468 0.4156378600823045
1 592 4468 0.4156378600823045
1 593 4468 0.4156378600823045
1 594 4468 0.4156378600823045
1 595 4468 0.4156378600823045
1 596 4468 0.4156378600823045
1 597 4468 0.4156378600823045
1 598 4468 0.4156378600823045
1 599 4468 0.4156378600823045
1 600 4468 0.4156378600823045
1 601 4468 0.4156378600823045
1 602 4468 0.4156378600823045
1 603 4468 0.4156378600823045
1 604 4468 0.4156378600823045
1 605 4468 0.4156378600823045
1 606 4468 0.4156378600823045
1 607 4468 0.4156378600823045
1 608 4468 0.4156378600823045
1 609 4468 0.4156378600823045
1 610 4468 0.4156378600823045
1 611 4468 0.4156378600823045
1 612 4468 0.4156378600823045
1 613 4468 0.4156378600823045
1 614 4468 0.4156378600823045
1 615 4468 0.4156378600823045
1 616 4468 0.4156378600823045
1 617 4468 0.4156378600823045
1 618 4468 0.4156378600823045
1 619 4468 0.4156378600823045
1 620 4468 0.4156378600823045
1 621 4468 0.4156378600823045
1 622 4468 0.4156378600823045
1 623 4468 0.4156378600823045
1 624 4468 0.4156378600823045
1 625 4468 0.4156378600823045
1 626 4468 0.4156378600823045
1 627 4468 0.4156378600823045
1 628 4468 0.4156378600823045
1 629 4468 0.4156378600823045
1 630 4468 0.4156378600823045
1 631 4468 0.4156378600823045
1 632 4468 0.4156378600823045
1 633 4468 0.4156378600823045
1 634 4468 0.4156378600823045
1 635 4468 0.4156378600823045
1 636 4468 0.4156378600823045
1 637 4468 0.4156378600823045
1 638 4468 0.4156378600823045
1 639 4468 0.4156378600823045
1 640 4468 0.4156378600823045
1 641 4468 0.4156378600823045
1 642 4468 0.4156378600823045
1 643 4468 0.4156378600823045
1 644 4468 0.4156378600823045
1 645 4468 0.4156378600823045
1 646 4468 0.4156378600823045
1 647 4468 0.4156378600823045
1 648 4468 0.4156378600823045
1 649 4468 0.4156378600823045
1 650 4468 0.4156378600823045
1 651 4468 0.4156378600823045
1 652 4468 0.4156378600823045
1 653 4468 0.4156378600823045
1 654 4468 0.4156378600823045
1 655 4468 0.4156378600823045
1 656 4468 0.4156378600823045
1 657 4468 0.4156378600823045
1 658 4468 0.4156378600823045
1 659 4468 0.4156378600823045
1 660 4468 0.4156378600823045
1 661 4468 0.4156378600823045
1 662 4468 0.4156378600823045
1 663 4468 0.4156378600823045
1 664 4468 0.4156378600823045
1 665 4468 0.4156378600823045
1 666 4468 0.4156378600823045
1 667 4468 0.4156378600823045
1 668 4468 0.4156378600823045
1 669 4792 0.4156378600823045
1 670 4792 0.4156378600823045
1 671 4792 0.4156378600823045
1 672 4792 0.4156378600823045
1 673 4792 0.4156378600823045
1 674 4792 0.4156378600823045
1 675 4792 0.4156378600823045
1 676 4792 0.4156378600823045
1 677 4792 0.4156378600823045
1 678 4792 0.4156378600823045
1 679 4792 0.4156378600823045
1 680 4792 0.4156378600823045
1 681 4792 0.4156378600823045
1 682 4792 0.4156378600823045
1 683 4792 0.4156378600823045
1 684 4792 0.4156378600823045
1 685 4792 0.4156378600823045
1 686 4792 0.4156378600823045
1 687 4792 0.4156378600823045
1 688 4792 0.4156378600823045
1 689 4792 0.4156378600823045
1 690 4792 0.4156378600823045
1 691 4792 0.4156378600823045
1 692 4792 0.4156378600823045
1 693 4792 0.4156378600823045
1 694 4792 0.4156378600823045
1 695 4792 0.4156378600823045
1 696 4792 0.4156378600823045
1 697 4792 0.4156378600823045
1 698 4792 0.4156378600823045
1 699 4792 0.4156378600823045
1 700 4792 0.4156378600823045
1 701 4792 0.4156378600823045
1 702 4792 0.4156378600823045
1 703 4792 0.4156378600823045
1 704 4792 0.4156378600823045
1 705 4792 0.4156378600823045
1 706 4792 0.4156378600823045
1 707 4792 0.4156378600823045
1 708 4792 0.4156378600823045
1 709 4792 0.4156378600823045
1 710 4792 0.4156378600823045
1 711 4792 0.4156378600823045
1 712 4792 0.4156378600823045
1 713 4792 0.4156378600823045
1 714 4792 0.4156378600823045
1 715 4792 0.4156378600823045
1 716 4792 0.4156378600823045
1 717 4792 0.4156378600823045
1 718 4792 0.4156378600823045
1 719 4792 0.4156378600823045
1 720 4792 0.4156378600823045
1 721 4792 0.4156378600823045
1 722 4792 0.4156378600823045
1 723 4792 0.4156378600823045
1 724 4792 0.4156378600823045
1 725 4792 0.4156378600823045
1 726 4792 0.4156378600823045
1 727 4792 0.4156378600823045
1 728 4792 0.4156378600823045
1 729 4792 0.4156378600823045
1 730 4792 0.4156378600823045
1 731 4792 0.4156378600823045
1 732 4792 0.4156378600823045
1 733 4792 0.4156378600823045
1 734 4792 0.4156378600823045
1 735 4792 0.4156378600823045
1 736 4792 0.4156378600823045
1 737 4792 0.4156378600823045
1 738 4792 0.4156378600823045
1 739 4792 0.4156378600823045
1 740 4792 0.4156378600823045
1 741 4792 0.4156378600823045
1 742 4792 0.4156378600823045
1 743 4792 0.4156378600823045
1 744 4792 0.4156378600823045
1 745 4792 0.4156378600823045
1 746 4792 0.4156378600823045
1 747 4792 0.4156378600823045
1 748 4792 0.4156378600823045
1 749 4792 0.4156378600823045
1 750 5200 0.4156378600823045
1 751 5200 0.4156378600823045
1 752 5200 0.4156378600823045
1 753 5200 0.4156378600823045
1 754 5200 0.4156378600823045
1 755 5200 0.4156378600823045
1 756 5200 0.4156378600823045
1 757 5200 0.4156378600823045
1 758 5200 0.4156378600823045
1 759 5200 0.4156378600823045
1 760 5200 0.4156378600823045
1 761 5200 0.4156378600823045
1 762 5200 0.4156378600823045
1 763 5200 0.4156378600823045
1 764 5200 0.4156378600823045
1 765 5200 0.4156378600823045
1 766 5200 0.4156378600823045
1 767 5200 0.4156378600823045
1 768 5200 0.4156378600823045
1 769 5200 0.4156378600823045
1 770 5200 0.4156378600823045
1 771 5200 0.4156378600823045
1 772 5200 0.4156378600823045
1 773 5200 0.4156378600823045
1 774 5200 0.4156378600823045
1 775 5200 0.4156378600823045
1 776 5200 0.4156378600823045
1 777 5200 0.4156378600823045
1 778 5200 0.4156378600823045
1 779 5200 0.4156378600823045
1 780 5200 0.4156378600823045
1 781 5200 0.4156378600823045
1 782 5200 0.4156378600823045
1 783 5200 0.4156378600823045
1 784 5200 0.4156378600823045
1 785 5200 0.4156378600823045
1 786 5200 0.4156378600823045
1 787 5200 0.4156378600823045
1 788 5200 0.4156378600823045
1 789 5200 0.4156378600823045
1 790 5200 0.4156378600823045
1 791 5200 0.4156378600823045
1 792 5200 0.4156378600823045
1 793 5200 0.4156378600823045
1 794 5200 0.4156378600823045
1 795 5200 0.4156378600823045
1 796 5200 0.4156378600823045
1 797 5200 0.4156378600823045
1 798 5200 0.4156378600823045
1 799 5200 0.4156378600823045
1 800 5200 0.4156378600823045
1 801 5200 0.4156378600823045
1 802 5200 0.4156378600823045
1 803 5200 0.4156378600823045
1 804 5200 0.4156378600823045
1 805 5200 0.4156378600823045
1 806 5200 0.4156378600823045
1 807 5200 0.4156378600823045
1 808 5200 0.4156378600823045
1 809 5200 0.4156378600823045
1 810 5200 0.4156378600823045
1 811 5200 0.4156378600823045
1 812 5200 0.4156378600823045
1 813 5200 0.4156378600823045
1 814 5200 0.4156378600823045
1 815 5200 0.4156378600823045
1 816 5200 0.4156378600823045
1 817 5200 0.4156378600823045
1 818 5200 0.4156378600823045
1 819 5200 0.4156378600823045
1 820 5200 0.4156378600823045
1 821 5200 0.4156378600823045
1 822 5200 0.4156378600823045
1 823 5200 0.4156378600823045
1 824 5200 0.4156378600823045
1 825 5200 0.4156378600823045
1 826 5200 0.4156378600823045
1 827 5200 0.4156378600823045
1 828 5200 0.4156378600823045
1 829 5200 0.4156378600823045
1 830 5200 0.4156378600823045
1 831 5200 0.4156378600823045
1 832 5200 0.4156378600823045
1 833 5200 0.4156378600823045
1 834 5200 0.4156378600823045
1 835 5200 0.4156378600823045
1 836 5200 0.4156378600823045
1 837 5200 0.4156378600823045
1 838 5200 0.4156378600823045
1 839 5200 0.4156378600823045
1 840 5200 0.4156378600823045
1 841 5200 0.4156378600823045
1 842 5200 0.4156378600823045
1 843 5200 0.4156378600823045
1 844 5200 0.4156378600823045
1 845 5200 0.4156378600823045
1 846 5200 0.4156378600823045
1 847 5200 0.4156378600823045
1 848 5200 0.4156378600823045
1 849 5200 0.4156378600823045
1 850 5200 0.4156378600823045
1 851 5200 0.4156378600823045
1 852 5200 0.4156378600823045
1 853 5200 0.4156378600823045
1 854 5200 0.4156378600823045
1 855 5200 0.4156378600823045
1 856 5200 0.4156378600823045
1 857 5200 0.4156378600823045
1 858 5200 0.4156378600823045
1 859 5200 0.4156378600823045
1 860 5200 0.4156378600823045
1 861 5200 0.4156378600823045
1 862 5200 0.4156378600823045
1 863 5200 0.4156378600823045
1 864 5200 0.4156378600823045
1 865 5200 0.4156378600823045
1 866 5200 0.4156378600823045
1 867 5200 0.4156378600823045
1 868 5200 0.4156378600823045
1 869 5200 0.4156378600823045
1 870 5200 0.4156378600823045
1 871 5200 0.4156378600823045
1 872 5200 0.4156378600823045
1 873 5200 0.4156378600823045
1 874 5200 0.4156378600823045
1 875 5200 0.4156378600823045
1 876 5200 0.4156378600823045
1 877 5200 0.4156378600823045
1 878 5200 0.4156378600823045
1 879 5200 0.4156378600823045
1 880 5200 0.4156378600823045
1 881 5200 0.4156378600823045
1 882 5200 0.4156378600823045
1 883 5200 0.4156378600823045
1 884 5200 0.4156378600823045
1 885 5200 0.4156378600823045
1 886 5200 0.4156378600823045
1 887 5200 0.4156378600823045
1 888 5200 0.4156378600823045
1 889 5200 0.4156378600823045
1 890 5200 0.4156378600823045
1 891 5200 0.4156378600823045
1 892 5200 0.4156378600823045
1 893 5200 0.4156378600823045
1 894 5200 0.4156378600823045
1 895 5200 0.4156378600823045
1 896 5200 0.4156378600823045
1 897 5200 0.4156378600823045
1 898 5200 0.4156378600823045
1 899 5200 0.4156378600823045
1 900 5200 0.4156378600823045
1 901 5200 0.4156378600823045
1 902 5200 0.4156378600823045
1 903 5200 0.4156378600823045
1 904 5200 0.4156378600823045
1 905 5200 0.4156378600823045
1 906 5200 0.4156378600823045
1 907 5200 0.4156378600823045
1 908 5200 0.4156378600823045
1 909 5200 0.4156378600823045
1 910 5200 0.4156378600823045
1 911 5200 0.4156378600823045
1 912 5200 0.4156378600823045
1 913 5200 0.4156378600823045
1 914 5200 0.4156378600823045
1 915 5200 0.4156378600823045
1 916 5200 0.4156378600823045
1 917 5200 0.4156378600823045
1 918 5200 0.4156378600823045
1 919 5200 0.4156378600823045
1 920 5200 0.4156378600823045
1 921 5200 0.4156378600823045
1 922 5200 0.4156378600823045
1 923 5200 0.4156378600823045
1 924 5200 0.4156378600823045
1 925 5200 0.4156378600823045
1 926 5200 0.4156378600823045
1 927 5200 0.4156378600823045
1 928 5200 0.4156378600823045
1 929 5200 0.4156378600823045
1 930 5200 0.4156378600823045
1 931 5200 0.4156378600823045
1 932 5200 0.4156378600823045
1 933 5200 0.4156378600823045
1 934 5200 0.4156378600823045
1 935 5200 0.4156378600823045
1 936 5200 0.4156378600823045
1 937 5200 0.4156378600823045
1 938 5200 0.4156378600823045
1 939 5200 0.4156378600823045
1 940 5200 0.4156378600823045
1 941 5200 0.4156378600823045
1 942 5200 0.4156378600823045
1 943 5200 0.4156378600823045
1 944 5200 0.4156378600823045
1 945 5200 0.4156378600823045
1 946 5200 0.4156378600823045
1 947 5200 0.4156378600823045
1 948 5200 0.4156378600823045
1 949 5200 0.4156378600823045
1 950 5200 0.4156378600823045
1 951 5200 0.4156378600823045
1 952 5200 0.4156378600823045
1 953 5200 0.4156378600823045
1 954 5200 0.4156378600823045
1 955 5200 0.4156378600823045
1 956 5200 0.4156378600823045
1 957 5200 0.4156378600823045
1 958 5200 0.4156378600823045
1 959 5200 0.4156378600823045
1 960 5200 0.4156378600823045
1 961 5200 0.4156378600823045
1 962 5200 0.4156378600823045
1 963 5200 0.4156378600823045
1 964 5232 0.4279835390946502
1 965 5232 0.4279835390946502
1 966 5232 0.4279835390946502
1 967 5232 0.4279835390946502
1 968 5232 0.4279835390946502
1 969 5232 0.4279835390946502
1 970 5232 0.4279835390946502
1 971 5232 0.4279835390946502
1 972 5232 0.4279835390946502
1 973 5232 0.4279835390946502
1 974 5232 0.4279835390946502
1 975 5232 0.4279835390946502
1 976 5232 0.4279835390946502
1 977 5232 0.4279835390946502
1 978 5232 0.4279835390946502
1 979 5232 0.4279835390946502
1 980 5232 0.4279835390946502
1 981 5232 0.4279835390946502
1 982 5232 0.4279835390946502
1 983 5232 0.4279835390946502
1 984 5232 0.4279835390946502
1 985 5232 0.4279835390946502
1 986 5232 0.4279835390946502
1 987 5232 0.4279835390946502
1 988 5232 0.4279835390946502
1 989 5232 0.4279835390946502
1 990 5232 0.4279835390946502
1 991 5232 0.4279835390946502
1 992 5232 0.4279835390946502
1 993 5232 0.4279835390946502
1 994 5232 0.4279835390946502
1 995 5232 0.4279835390946502
1 996 5232 0.4279835390946502
1 997 5232 0.4279835390946502
1 998 5232 0.4279835390946502
1 999 5232 0.4279835390946502
1 1000 5232 0.4279835390946502
1 1001 5232 0.4279835390946502
1 1002 5232 0.4279835390946502
1 1003 5232 0.4279835390946502
1 1004 5232 0.4279835390946502
1 1005 5232 0.4279835390946502
1 1006 5232 0.4279835390946502
1 1007 5232 0.4279835390946502
1 1008 5232 0.4279835390946502
1 1009 5232 0.4279835390946502
1 1010 5232 0.4279835390946502
1 1011 5232 0.4279835390946502
1 1012 5232 0.4279835390946502
1 1013 5232 0.4279835390946502
1 1014 5232 0.4279835390946502
1 1015 5232 0.4279835390946502
1 1016 5232 0.4279835390946502
1 1017 5232 0.4279835390946502
1 1018 5232 0.4279835390946502
1 1019 5232 0.4279835390946502
1 1020 5232 0.4279835390946502
1 1021 5232 0.4279835390946502
1 1022 5232 0.4279835390946502
1 1023 5232 0.4279835390946502
1 1024 5232 0.4279835390946502
1 1025 5232 0.4279835390946502
1 1026 5232 0.4279835390946502
1 1027 5232 0.4279835390946502
1 1028 5232 0.4279835390946502
1 1029 5232 0.4279835390946502
1 1030 5232 0.4279835390946502
1 1031 5232 0.4279835390946502
1 1032 5232 0.4279835390946502
1 1033 5232 0.4279835390946502
1 1034 5232 0.4279835390946502
1 1035 5232 0.4279835390946502
1 1036 5232 0.4279835390946502
1 1037 5232 0.4279835390946502
1 1038 5232 0.4279835390946502
1 1039 5232 0.4279835390946502
1 1040 5232 0.4279835390946502
1 1041 5232 0.4279835390946502
1 1042 5232 0.4279835390946502
1 1043 5232 0.4279835390946502
1 1044 5232 0.4279835390946502
1 1045 5232 0.4279835390946502
1 1046 5232 0.4279835390946502
1 1047 5232 0.4279835390946502
1 1048 5232 0.4279835390946502
1 1049 5232 0.4279835390946502
1 1050 5232 0.4279835390946502
1 1051 5232 0.4279835390946502
1 1052 5232 0.4279835390946502
1 1053 5232 0.4279835390946502
1 1054 5232 0.4279835390946502
1 1055 5232 0.4279835390946502
1 1056 5232 0.4279835390946502
1 1057 5232 0.4279835390946502
1 1058 5232 0.4279835390946502
1 1059 5232 0.4279835390946502
1 1060 5232 0.4279835390946502
1 1061 5232 0.4279835390946502
1 1062 5232 0.4279835390946502
1 1063 5232 0.4279835390946502
1 1064 5232 0.4279835390946502
1 1065 5232 0.4279835390946502
1 1066 5232 0.4279835390946502
1 1067 5232 0.4279835390946502
1 1068 5232 0.4279835390946502
1 1069 5232 0.4279835390946502
1 1070 6764 0.41975308641975306
1 1071 6764 0.41975308641975306
1 1072 6764 0.41975308641975306
1 1073 6764 0.41975308641975306
1 1074 6764 0.41975308641975306
1 1075 6764 0.41975308641975306
1 1076 6764 0.41975308641975306
1 1077 6764 0.41975308641975306
1 1078 6764 0.41975308641975306
1 1079 6764 0.41975308641975306
1 1080 6764 0.41975308641975306
1 1081 6764 0.41975308641975306
1 1082 6764 0.41975308641975306
1 1083 6764 0.41975308641975306
1 1084 6764 0.41975308641975306
1 1085 6764 0.41975308641975306
1 1086 6764 0.41975308641975306
1 1087 6764 0.41975308641975306
1 1088 6764 0.41975308641975306
1 1089 6764 0.41975308641975306
1 1090 6764 0.41975308641975306
1 1091 6764 0.41975308641975306
1 1092 6764 0.41975308641975306
1 1093 6764 0.41975308641975306
1 1094 6764 0.41975308641975306
1 1095 6764 0.41975308641975306
1 1096 6764 0.41975308641975306
1 1097 6764 0.41975308641975306
1 1098 6764 0.41975308641975306
1 1099 6764 0.41975308641975306
1 1100 6764 0.41975308641975306
1 1101 6764 0.41975308641975306
1 1102 6764 0.41975308641975306
1 1103 6764 0.41975308641975306
1 1104 6764 0.41975308641975306
1 1105 6764 0.41975308641975306
1 1106 6764 0.41975308641975306
1 1107 6764 0.41975308641975306
1 1108 6764 0.41975308641975306
1 1109 7628 0.411522633744856
1 1110 7628 0.411522633744856
1 1111 7628 0.411522633744856
1 1112 7628 0.411522633744856
1 1113 7628 0.411522633744856
1 1114 7628 0.411522633744856
1 1115 7628 0.411522633744856
1 1116 7628 0.411522633744856
1 1117 7628 0.411522633744856
1 1118 7628 0.411522633744856
1 1119 7628 0.411522633744856
1 1120 7628 0.411522633744856
1 1121 7628 0.411522633744856
1 1122 7628 0.411522633744856
1 1123 7628 0.411522633744856
1 1124 7628 0.411522633744856
1 1125 7628 0.411522633744856
1 1126 7628 0.411522633744856
1 1127 7628 0.411522633744856
1 1128 7628 0.411522633744856
1 1129 7628 0.411522633744856
1 1130 7628 0.411522633744856
1 1131 7628 0.411522633744856
1 1132 7628 0.411522633744856
1 1133 7628 0.411522633744856
1 1134 7628 0.411522633744856
1 1135 7628 0.411522633744856
1 1136 7628 0.411522633744856
1 1137 7628 0.411522633744856
1 1138 7628 0.411522633744856
1 1139 7628 0.411522633744856
1 1140 7628 0.411522633744856
1 1141 7628 0.411522633744856
1 1142 7628 0.411522633744856
1 1143 7628 0.411522633744856
1 1144 7628 0.411522633744856
1 1145 7628 0.411522633744856
1 1146 7628 0.411522633744856
1 1147 7628 0.411522633744856
1 1148 7628 0.411522633744856
1 1149 7628 0.411522633744856
1 1150 7628 0.411522633744856
1 1151 7628 0.411522633744856
1 1152 7628 0.411522633744856
1 1153 7628 0.411522633744856
1 1154 7628 0.411522633744856
1 1155 7628 0.411522633744856
1 1156 7628 0.411522633744856
1 1157 7628 0.411522633744856
1 1158 7628 0.411522633744856
1 1159 7628 0.411522633744856
1 1160 7628 0.411522633744856
1 1161 7628 0.411522633744856
1 1162 7628 0.411522633744856
1 1163 7628 0.411522633744856
1 1164 7628 0.411522633744856
1 1165 7628 0.411522633744856
1 1166 7628 0.411522633744856
1 1167 7628 0.411522633744856
1 1168 7628 0.411522633744856
1 1169 7628 0.411522633744856
1 1170 7628 0.411522633744856
1 1171 7628 0.411522633744856
1 1172 7628 0.411522633744856
1 1173 7628 0.411522633744856
1 1174 7628 0.411522633744856
1 1175 7628 0.411522633744856
1 1176 7628 0.411522633744856
1 1177 7628 0.411522633744856
1 1178 7628 0.411522633744856
1 1179 7628 0.411522633744856
1 1180 7628 0.411522633744856
1 1181 7628 0.411522633744856
1 1182 7628 0.411522633744856
1 1183 7628 0.411522633744856
1 1184 7628 0.411522633744856
1 1185 7628 0.411522633744856
1 1186 7628 0.411522633744856
1 1187 7628 0.411522633744856
1 1188 7628 0.411522633744856
1 1189 7628 0.411522633744856
1 1190 7628 0.411522633744856
1 1191 7628 0.411522633744856
1 1192 7628 0.411522633744856
1 1193 7628 0.411522633744856
1 1194 7628 0.411522633744856
1 1195 7628 0.411522633744856
1 1196 7628 0.411522633744856
1 1197 7628 0.411522633744856
1 1198 7628 0.411522633744856
1 1199 7628 0.411522633744856
1 1200 7628 0.411522633744856
1 1201 7628 0.411522633744856
1 1202 7628 0.411522633744856
1 1203 7628 0.411522633744856
1 1204 7628 0.411522633744856
1 1205 7628 0.411522633744856
1 1206 7628 0.411522633744856
1 1207 7628 0.411522633744856
1 1208 7628 0.411522633744856
1 1209 7628 0.411522633744856
1 1210 7628 0.411522633744856
1 1211 7628 0.411522633744856
1 1212 7628 0.411522633744856
1 1213 7628 0.411522633744856
1 1214 7628 0.411522633744856
1 1215 7628 0.411522633744856
1 1216 7628 0.411522633744856
1 1217 7628 0.411522633744856
1 1218 7628 0.411522633744856
1 1219 7628 0.411522633744856
1 1220 7628 0.411522633744856
1 1221 7628 0.411522633744856
1 1222 7628 0.411522633744856
1 1223 7628 0.411522633744856
1 1224 7628 0.411522633744856
1 1225 7628 0.411522633744856
1 1226 7628 0.411522633744856
1 1227 7628 0.411522633744856
1 1228 7628 0.411522633744856
1 1229 7628 0.411522633744856
1 1230 7628 0.411522633744856
1 1231 7628 0.411522633744856
1 1232 7628 0.411522633744856
1 1233 7628 0.411522633744856
1 1234 7628 0.411522633744856
1 1235 7628 0.411522633744856
1 1236 7628 0.411522633744856
1 1237 7628 0.411522633744856
1 1238 7628 0.411522633744856
1 1239 7628 0.411522633744856
1 1240 7628 0.411522633744856
1 1241 7628 0.411522633744856
1 1242 7628 0.411522633744856
1 1243 7628 0.411522633744856
1 1244 7628 0.411522633744856
1 1245 7628 0.411522633744856
1 1246 7628 0.411522633744856
1 1247 7628 0.411522633744856
1 1248 7628 0.411522633744856
1 1249 7628 0.411522633744856
1 1250 7628 0.411522633744856
1 1251 7628 0.411522633744856
1 1252 7628 0.411522633744856
1 1253 7628 0.411522633744856
1 1254 7628 0.411522633744856
1 1255 7628 0.411522633744856
1 1256 7628 0.411522633744856
1 1257 7628 0.411522633744856
1 1258 7628 0.411522633744856
1 1259 7628 0.411522633744856
1 1260 7628 0.411522633744856
1 1261 7628 0.411522633744856
1 1262 7628 0.411522633744856
1 1263 7628 0.411522633744856
1 1264 7628 0.411522633744856
1 1265 7628 0.411522633744856
1 1266 7628 0.411522633744856
1 1267 7628 0.411522633744856
1 1268 7628 0.411522633744856
1 1269 7628 0.411522633744856
1 1270 7628 0.411522633744856
1 1271 7628 0.411522633744856
1 1272 7628 0.411522633744856
1 1273 7628 0.411522633744856
1 1274 7628 0.411522633744856
1 1275 7628 0.411522633744856
1 1276 7628 0.411522633744856
1 1277 7628 0.411522633744856
1 1278 7628 0.411522633744856
1 1279 7628 0.411522633744856
1 1280 7628 0.411522633744856
1 1281 7628 0.411522633744856
1 1282 7628 0.411522633744856
1 1283 7628 0.411522633744856
1 1284 7628 0.411522633744856
1 1285 7628 0.411522633744856
1 1286 7628 0.411522633744856
1 1287 7628 0.411522633744856
1 1288 7628 0.411522633744856
1 1289 7628 0.411522633744856
1 1290 7628 0.411522633744856
1 1291 7628 0.411522633744856
1 1292 7628 0.411522633744856
1 1293 7628 0.411522633744856
1 1294 7628 0.411522633744856
1 1295 7628 0.411522633744856
1 1296 7628 0.411522633744856
1 1297 7628 0.411522633744856
1 1298 7628 0.411522633744856
1 1299 7628 0.411522633744856
1 1300 7628 0.411522633744856
1 1301 7628 0.411522633744856
1 1302 7628 0.411522633744856
1 1303 7628 0.411522633744856
1 1304 7628 0.411522633744856
1 1305 7628 0.411522633744856
1 1306 7628 0.411522633744856
1 1307 7628 0.411522633744856
1 1308 7628 0.411522633744856
1 1309 7628 0.411522633744856
1 1310 7628 0.411522633744856
1 1311 7628 0.411522633744856
1 1312 7628 0.411522633744856
1 1313 7628 0.411522633744856
1 1314 7628 0.411522633744856
1 1315 7628 0.411522633744856
1 1316 7628 0.411522633744856
1 1317 7628 0.411522633744856
1 1318 7628 0.411522633744856
1 1319 7628 0.411522633744856
1 1320 7628 0.411522633744856
1 1321 7628 0.411522633744856
1 1322 7628 0.411522633744856
1 1323 7628 0.411522633744856
1 1324 8304 0.4074074074074074
1 1325 8304 0.4074074074074074
1 1326 8304 0.4074074074074074
1 1327 8304 0.4074074074074074
1 1328 8304 0.4074074074074074
1 1329 8304 0.4074074074074074
1 1330 8304 0.4074074074074074
1 1331 8304 0.4074074074074074
1 1332 8304 0.4074074074074074
1 1333 8304 0.4074074074074074
1 1334 8304 0.4074074074074074
1 1335 8304 0.4074074074074074
1 1336 8304 0.4074074074074074
1 1337 8304 0.4074074074074074
1 1338 8304 0.4074074074074074
1 1339 8304 0.4074074074074074
1 1340 8304 0.4074074074074074
1 1341 8304 0.4074074074074074
1 1342 8304 0.4074074074074074
1 1343 8304 0.4074074074074074
1 1344 8304 0.4074074074074074
1 1345 8304 0.4074074074074074
1 1346 8304 0.4074074074074074
1 1347 8304 0.4074074074074074
1 1348 8304 0.4074074074074074
1 1349 8304 0.4074074074074074
1 1350 8304 0.4074074074074074
1 1351 8304 0.4074074074074074
1 1352 8304 0.4074074074074074
1 1353 8304 0.4074074074074074
1 1354 8304 0.4074074074074074
1 1355 8304 0.4074074074074074
1 1356 8304 0.4074074074074074
1 1357 8304 0.4074074074074074
1 1358 8304 0.4074074074074074
1 1359 8304 0.4074074074074074
1 1360 8304 0.4074074074074074
1 1361 8304 0.4074074074074074
1 1362 8304 0.4074074074074074
1 1363 8304 0.4074074074074074
1 1364 8304 0.4074074074074074
1 1365 8304 0.4074074074074074
1 1366 8304 0.4074074074074074
1 1367 8304 0.4074074074074074
1 1368 8304 0.4074074074074074
1 1369 8304 0.4074074074074074
1 1370 8304 0.4074074074074074
1 1371 8304 0.4074074074074074
1 1372 8304 0.4074074074074074
1 1373 8304 0.4074074074074074
1 1374 8304 0.4074074074074074
1 1375 8304 0.4074074074074074
1 1376 8304 0.4074074074074074
1 1377 8304 0.4074074074074074
1 1378 8304 0.4074074074074074
1 1379 8304 0.4074074074074074
1 1380 8304 0.4074074074074074
1 1381 8304 0.4074074074074074
1 1382 8304 0.4074074074074074
1 1383 8304 0.4074074074074074
1 1384 8304 0.4074074074074074
1 1385 8304 0.4074074074074074
1 1386 8304 0.4074074074074074
1 1387 8304 0.4074074074074074
1 1388 8304 0.4074074074074074
1 1389 8304 0.4074074074074074
1 1390 8304 0.4074074074074074
1 1391 8304 0.4074074074074074
1 1392 8304 0.4074074074074074
1 1393 8304 0.4074074074074074
1 1394 8304 0.4074074074074074
1 1395 8304 0.4074074074074074
1 1396 8304 0.4074074074074074
1 1397 8304 0.4074074074074074
1 1398 8304 0.4074074074074074
1 1399 8304 0.4074074074074074
1 1400 8304 0.4074074074074074
1 1401 8304 0.4074074074074074
1 1402 8304 0.4074074074074074
1 1403 8304 0.4074074074074074
1 1404 8304 0.4074074074074074
1 1405 8304 0.4074074074074074
1 1406 8304 0.4074074074074074
1 1407 8304 0.4074074074074074
1 1408 8304 0.4074074074074074
1 1409 8304 0.4074074074074074
1 1410 8304 0.4074074074074074
1 1411 8304 0.4074074074074074
1 1412 8304 0.4074074074074074
1 1413 8304 0.4074074074074074
1 1414 8304 0.4074074074074074
1 1415 8304 0.4074074074074074
1 1416 8304 0.4074074074074074
1 1417 8304 0.4074074074074074
1 1418 8304 0.4074074074074074
1 1419 8304 0.4074074074074074
1 1420 8304 0.4074074074074074
1 1421 8304 0.4074074074074074
1 1422 8304 0.4074074074074074
1 1423 8304 0.4074074074074074
1 1424 8304 0.4074074074074074
1 1425 8304 0.4074074074074074
1 1426 8304 0.4074074074074074
1 1427 8304 0.4074074074074074
1 1428 8304 0.4074074074074074
1 1429 8304 0.4074074074074074
1 1430 8304 0.4074074074074074
1 1431 8304 0.4074074074074074
1 1432 8304 0.4074074074074074
1 1433 8304 0.4074074074074074
1 1434 8304 0.4074074074074074
1 1435 8304 0.4074074074074074
1 1436 8304 0.4074074074074074
1 1437 8304 0.4074074074074074
1 1438 8304 0.4074074074074074
1 1439 8304 0.4074074074074074
1 1440 8304 0.4074074074074074
1 1441 8304 0.4074074074074074
1 1442 8304 0.4074074074074074
1 1443 8304 0.4074074074074074
1 1444 8304 0.4074074074074074
1 1445 8304 0.4074074074074074
1 1446 8304 0.4074074074074074
1 1447 8304 0.4074074074074074
1 1448 8304 0.4074074074074074
1 1449 8304 0.4074074074074074
1 1450 8304 0.4074074074074074
1 1451 8304 0.4074074074074074
1 1452 8304 0.4074074074074074
1 1453 8304 0.4074074074074074
1 1454 8304 0.4074074074074074
1 1455 8304 0.4074074074074074
1 1456 8304 0.4074074074074074
1 1457 8304 0.4074074074074074
1 1458 8304 0.4074074074074074
1 1459 8304 0.4074074074074074
1 1460 8304 0.4074074074074074
1 1461 8304 0.4074074074074074
1 1462 8304 0.4074074074074074
1 1463 8304 0.4074074074074074
1 1464 8304 0.4074074074074074
1 1465 8304 0.4074074074074074
1 1466 8304 0.4074074074074074
1 1467 8304 0.4074074074074074
1 1468 8304 0.4074074074074074
1 1469 8304 0.4074074074074074
1 1470 8304 0.4074074074074074
1 1471 8304 0.4074074074074074
1 1472 8304 0.4074074074074074
1 1473 8304 0.4074074074074074
1 1474 8304 0.4074074074074074
1 1475 8304 0.4074074074074074
1 1476 8304 0.4074074074074074
1 1477 8304 0.4074074074074074
1 1478 8304 0.4074074074074074
1 1479 8304 0.4074074074074074
1 1480 8304 0.4074074074074074
1 1481 8304 0.4074074074074074
1 1482 8304 0.4074074074074074
1 1483 8304 0.4074074074074074
1 1484 8304 0.4074074074074074
1 1485 8304 0.4074074074074074
1 1486 8304 0.4074074074074074
1 1487 8304 0.4074074074074074
1 1488 8304 0.4074074074074074
1 1489 8304 0.4074074074074074
1 1490 8304 0.4074074074074074
1 1491 8304 0.4074074074074074
1 1492 8304 0.4074074074074074
1 1493 8304 0.4074074074074074
1 1494 8304 0.4074074074074074
1 1495 8304 0.4074074074074074
1 1496 8304 0.4074074074074074
1 1497 8304 0.4074074074074074
1 1498 8304 0.4074074074074074
1 1499 8304 0.4074074074074074
1 1500 8304 0.4074074074074074
1 1501 8304 0.4074074074074074
1 1502 8304 0.4074074074074074
1 1503 8304 0.4074074074074074
1 1504 8304 0.4074074074074074
1 1505 8304 0.4074074074074074
1 1506 8304 0.4074074074074074
1 1507 8304 0.4074074074074074
1 1508 8304 0.4074074074074074
1 1509 8304 0.4074074074074074
1 1510 8304 0.4074074074074074
1 1511 8304 0.4074074074074074
1 1512 8304 0.4074074074074074
1 1513 8304 0.4074074074074074
1 1514 8304 0.4074074074074074
1 1515 8304 0.4074074074074074
1 1516 8304 0.4074074074074074
1 1517 8304 0.4074074074074074
1 1518 8304 0.4074074074074074
1 1519 8304 0.4074074074074074
1 1520 8304 0.4074074074074074
1 1521 8304 0.4074074074074074
1 1522 8304 0.4074074074074074
1 1523 8304 0.4074074074074074
1 1524 8304 0.4074074074074074
1 1525 8304 0.4074074074074074
1 1526 8304 0.4074074074074074
1 1527 8304 0.4074074074074074
1 1528 8304 0.4074074074074074
1 1529 8304 0.4074074074074074
1 1530 8304 0.4074074074074074
1 1531 8304 0.4074074074074074
1 1532 8304 0.4074074074074074
1 1533 8304 0.4074074074074074
1 1534 8304 0.4074074074074074
1 1535 8304 0.4074074074074074
1 1536 8304 0.4074074074074074
1 1537 8304 0.4074074074074074
1 1538 8304 0.4074074074074074
1 1539 8304 0.4074074074074074
1 1540 8304 0.4074074074074074
1 1541 8304 0.4074074074074074
1 1542 8304 0.4074074074074074
1 1543 8304 0.4074074074074074
1 1544 8304 0.4074074074074074
1 1545 8304 0.4074074074074074
1 1546 8304 0.4074074074074074
1 1547 8304 0.4074074074074074
1 1548 8304 0.4074074074074074
1 1549 8304 0.4074074074074074
1 1550 8304 0.4074074074074074
1 1551 8304 0.4074074074074074
1 1552 8304 0.4074074074074074
1 1553 8304 0.4074074074074074
1 1554 8304 0.4074074074074074
1 1555 8304 0.4074074074074074
1 1556 8304 0.4074074074074074
1 1557 8304 0.4074074074074074
1 1558 8304 0.4074074074074074
1 1559 8304 0.4074074074074074
1 1560 8304 0.4074074074074074
1 1561 8304 0.4074074074074074
1 1562 8304 0.4074074074074074
1 1563 8304 0.4074074074074074
1 1564 8304 0.4074074074074074
1 1565 8304 0.4074074074074074
1 1566 8304 0.4074074074074074
1 1567 8304 0.4074074074074074
1 1568 8304 0.4074074074074074
1 1569 8304 0.4074074074074074
1 1570 8304 0.4074074074074074
1 1571 8304 0.4074074074074074
1 1572 8304 0.4074074074074074
1 1573 8304 0.4074074074074074
1 1574 8304 0.4074074074074074
1 1575 8304 0.4074074074074074
1 1576 8304 0.4074074074074074
1 1577 8304 0.4074074074074074
1 1578 8304 0.4074074074074074
1 1579 8304 0.4074074074074074
1 1580 8304 0.4074074074074074
1 1581 8304 0.4074074074074074
1 1582 8304 0.4074074074074074
1 1583 8304 0.4074074074074074
1 1584 8304 0.4074074074074074
1 1585 8304 0.4074074074074074
1 1586 8304 0.4074074074074074
1 1587 8304 0.4074074074074074
1 1588 8304 0.4074074074074074
1 1589 8304 0.4074074074074074
1 1590 8304 0.4074074074074074
1 1591 8304 0.4074074074074074
1 1592 8304 0.4074074074074074
1 1593 8304 0.4074074074074074
1 1594 8304 0.4074074074074074
1 1595 8304 0.4074074074074074
1 1596 8304 0.4074074074074074
1 1597 8304 0.4074074074074074
1 1598 8304 0.4074074074074074
1 1599 8304 0.4074074074074074
1 1600 8304 0.4074074074074074
1 1601 8304 0.4074074074074074
1 1602 8304 0.4074074074074074
1 1603 8304 0.4074074074074074
1 1604 8304 0.4074074074074074
1 1605 8304 0.4074074074074074
1 1606 8304 0.4074074074074074
1 1607 8304 0.4074074074074074
1 1608 8304 0.4074074074074074
1 1609 8304 0.4074074074074074
1 1610 8304 0.4074074074074074
1 1611 8304 0.4074074074074074
1 1612 8304 0.4074074074074074
1 1613 8304 0.4074074074074074
1 1614 8304 0.4074074074074074
1 1615 8304 0.4074074074074074
1 1616 8304 0.4074074074074074
1 1617 8304 0.4074074074074074
1 1618 8304 0.4074074074074074
1 1619 8304 0.4074074074074074
1 1620 8304 0.4074074074074074
1 1621 8304 0.4074074074074074
1 1622 8304 0.4074074074074074
1 1623 8304 0.4074074074074074
1 1624 8304 0.4074074074074074
1 1625 8304 0.4074074074074074
1 1626 8304 0.4074074074074074
1 1627 8304 0.4074074074074074
1 1628 8304 0.4074074074074074
1 1629 8304 0.4074074074074074
1 1630 8304 0.4074074074074074
1 1631 8304 0.4074074074074074
1 1632 8304 0.4074074074074074
1 1633 8304 0.4074074074074074
1 1634 8304 0.4074074074074074
1 1635 8304 0.4074074074074074
1 1636 8304 0.4074074074074074
1 1637 8304 0.4074074074074074
1 1638 8304 0.4074074074074074
1 1639 8304 0.4074074074074074
1 1640 8304 0.4074074074074074
1 1641 8304 0.4074074074074074
1 1642 8304 0.4074074074074074
1 1643 8304 0.4074074074074074
1 1644 8304 0.4074074074074074
1 1645 8304 0.4074074074074074
1 1646 8304 0.4074074074074074
1 1647 8304 0.4074074074074074
1 1648 8304 0.4074074074074074
1 1649 8304 0.4074074074074074
1 1650 8304 0.4074074074074074
1 1651 8304 0.4074074074074074
1 1652 8304 0.4074074074074074
1 1653 8304 0.4074074074