CA# generation fitness_with_discard=0,2
0 0 4 
0 1 4 
0 2 4 
0 3 88 
0 4 88 
0 5 92 
0 6 156 
0 7 156 
0 8 156 
0 9 156 
0 10 156 
0 11 156 
0 12 156 
0 13 156 
0 14 156 
0 15 176 
0 16 176 
0 17 178 
0 18 178 
0 19 178 
0 20 178 
0 21 180 
0 22 180 
0 23 188 
0 24 300 
0 25 300 
0 26 300 
0 27 300 
0 28 300 
0 29 300 
0 30 300 
0 31 300 
0 32 300 
0 33 300 
0 34 632 
0 35 632 
0 36 632 
0 37 632 
0 38 632 
0 39 632 
0 40 632 
0 41 632 
0 42 632 
0 43 632 
0 44 664 
0 45 664 
0 46 664 
0 47 664 
0 48 664 
0 49 664 
0 50 664 
0 51 664 
0 52 664 
0 53 664 
0 54 664 
0 55 664 
0 56 664 
0 57 664 
0 58 664 
0 59 820 
0 60 820 
0 61 820 
0 62 820 
0 63 820 
0 64 820 
0 65 820 
0 66 820 
0 67 820 
0 68 820 
0 69 820 
0 70 820 
0 71 820 
0 72 820 
0 73 1028 
0 74 1028 
0 75 1028 
0 76 1028 
0 77 1028 
0 78 2000 
1 0 1 
1 1 4 
1 2 4 
1 3 4 
1 4 4 
1 5 4 
1 6 4 
1 7 4 
1 8 4 
1 9 4 
1 10 4 
1 11 4 
1 12 4 
1 13 4 
1 14 4 
1 15 4 
1 16 4 
1 17 4 
1 18 4 
1 19 8 
1 20 8 
1 21 8 
1 22 8 
1 23 8 
1 24 8 
1 25 8 
1 26 8 
1 27 8 
1 28 8 
1 29 8 
1 30 8 
1 31 8 
1 32 88 
1 33 88 
1 34 88 
1 35 88 
1 36 88 
1 37 88 
1 38 324 
1 39 324 
1 40 324 
1 41 324 
1 42 324 
1 43 324 
1 44 324 
1 45 324 
1 46 324 
1 47 324 
1 48 324 
1 49 324 
1 50 324 
1 51 324 
1 52 324 
1 53 324 
1 54 324 
1 55 324 
1 56 324 
1 57 324 
1 58 324 
1 59 324 
1 60 324 
1 61 324 
1 62 324 
1 63 324 
1 64 324 
1 65 324 
1 66 324 
1 67 324 
1 68 324 
1 69 324 
1 70 324 
1 71 324 
1 72 324 
1 73 324 
1 74 324 
1 75 324 
1 76 324 
1 77 324 
1 78 324 
1 79 324 
1 80 324 
1 81 324 
1 82 324 
1 83 324 
1 84 324 
1 85 324 
1 86 324 
1 87 324 
1 88 324 
1 89 448 
1 90 448 
1 91 448 
1 92 448 
1 93 448 
1 94 448 
1 95 448 
1 96 448 
1 97 448 
1 98 448 
1 99 448 
1 100 448 
1 101 448 
1 102 448 
1 103 448 
1 104 448 
1 105 448 
1 106 448 
1 107 448 
1 108 448 
1 109 448 
1 110 448 
1 111 456 
1 112 456 
1 113 456 
1 114 456 
1 115 456 
1 116 456 
1 117 456 
1 118 456 
1 119 456 
1 120 456 
1 121 456 
1 122 456 
1 123 456 
1 124 456 
1 125 456 
1 126 456 
1 127 456 
1 128 456 
1 129 456 
1 130 456 
1 131 456 
1 132 456 
1 133 456 
1 134 456 
1 135 456 
1 136 456 
1 137 456 
1 138 456 
1 139 456 
1 140 456 
1 141 456 
1 142 456 
1 143 456 
1 144 456 
1 145 456 
1 146 500 
1 147 500 
1 148 500 
1 149 500 
1 150 500 
1 151 500 
1 152 500 
1 153 500 
1 154 500 
1 155 500 
1 156 500 
1 157 500 
1 158 500 
1 159 500 
1 160 500 
1 161 500 
1 162 500 
1 163 500 
1 164 500 
1 165 500 
1 166 500 
1 167 500 
1 168 500 
1 169 500 
1 170 500 
1 171 500 
1 172 500 
1 173 500 
1 174 500 
1 175 500 
1 176 500 
1 177 500 
1 178 500 
1 179 628 
1 180 628 
1 181 628 
1 182 628 
1 183 628 
1 184 628 
1 185 628 
1 186 628 
1 187 628 
1 188 628 
1 189 628 
1 190 628 
1 191 628 
1 192 628 
1 193 628 
1 194 628 
1 195 628 
1 196 628 
1 197 628 
1 198 628 
1 199 628 
1 200 628 
1 201 628 
1 202 628 
1 203 628 
1 204 628 
1 205 628 
1 206 628 
1 207 628 
1 208 628 
1 209 628 
1 210 628 
1 211 628 
1 212 628 
1 213 628 
1 214 628 
1 215 628 
1 216 628 
1 217 628 
1 218 628 
1 219 628 
1 220 628 
1 221 628 
1 222 628 
1 223 628 
1 224 628 
1 225 628 
1 226 628 
1 227 628 
1 228 628 
1 229 628 
1 230 628 
1 231 628 
1 232 628 
1 233 628 
1 234 628 
1 235 628 
1 236 628 
1 237 628 
1 238 628 
1 239 628 
1 240 628 
1 241 628 
1 242 628 
1 243 628 
1 244 628 
1 245 628 
1 246 628 
1 247 628 
1 248 628 
1 249 628 
1 250 628 
1 251 628 
1 252 628 
1 253 628 
1 254 628 
1 255 628 
1 256 628 
1 257 628 
1 258 628 
1 259 628 
1 260 628 
1 261 628 
1 262 628 
1 263 628 
1 264 628 
1 265 628 
1 266 628 
1 267 628 
1 268 628 
1 269 628 
1 270 628 
1 271 628 
1 272 628 
1 273 628 
1 274 628 
1 275 628 
1 276 628 
1 277 628 
1 278 628 
1 279 628 
1 280 628 
1 281 628 
1 282 628 
1 283 628 
1 284 628 
1 285 628 
1 286 628 
1 287 628 
1 288 628 
1 289 628 
1 290 628 
1 291 628 
1 292 628 
1 293 628 
1 294 628 
1 295 628 
1 296 628 
1 297 628 
1 298 628 
1 299 628 
1 300 628 
1 301 628 
1 302 628 
1 303 628 
1 304 628 
1 305 628 
1 306 628 
1 307 628 
1 308 628 
1 309 628 
1 310 628 
1 311 628 
1 312 628 
1 313 628 
1 314 628 
1 315 628 
1 316 628 
1 317 628 
1 318 628 
1 319 628 
1 320 628 
1 321 628 
1 322 628 
1 323 628 
1 324 628 
1 325 628 
1 326 628 
1 327 628 
1 328 628 
1 329 628 
1 330 628 
1 331 628 
1 332 628 
1 333 628 
1 334 628 
1 335 628 
1 336 628 
1 337 628 
1 338 628 
1 339 628 
1 340 628 
1 341 628 
1 342 628 
1 343 628 
1 344 628 
1 345 628 
1 346 628 
1 347 628 
1 348 628 
1 349 628 
1 350 628 
1 351 628 
1 352 628 
1 353 628 
1 354 628 
1 355 628 
1 356 628 
1 357 628 
1 358 628 
1 359 628 
1 360 628 
1 361 628 
1 362 628 
1 363 628 
1 364 628 
1 365 628 
1 366 628 
1 367 628 
1 368 628 
1 369 628 
1 370 628 
1 371 628 
1 372 628 
1 373 628 
1 374 628 
1 375 628 
1 376 628 
1 377 628 
1 378 628 
1 379 628 
1 380 628 
1 381 628 
1 382 628 
1 383 628 
1 384 628 
1 385 628 
1 386 628 
1 387 628 
1 388 628 
1 389 628 
1 390 628 
1 391 628 
1 392 628 
1 393 628 
1 394 628 
1 395 628 
1 396 628 
1 397 628 
1 398 628 
1 399 628 
1 400 628 
1 401 628 
1 402 628 
1 403 628 
1 404 628 
1 405 628 
1 406 628 
1 407 628 
1 408 628 
1 409 628 
1 410 628 
1 411 628 
1 412 628 
1 413 628 
1 414 628 
1 415 628 
1 416 628 
1 417 628 
1 418 628 
1 419 628 
1 420 628 
1 421 628 
1 422 628 
1 423 628 
1 424 628 
1 425 628 
1 426 628 
1 427 628 
1 428 628 
1 429 628 
1 430 628 
1 431 628 
1 432 628 
1 433 628 
1 434 628 
1 435 628 
1 436 628 
1 437 628 
1 438 628 
1 439 628 
1 440 628 
1 441 628 
1 442 628 
1 443 628 
1 444 628 
1 445 628 
1 446 628 
1 447 628 
1 448 628 
1 449 628 
1 450 628 
1 451 628 
1 452 628 
1 453 628 
1 454 628 
1 455 628 
1 456 628 
1 457 628 
1 458 628 
1 459 628 
1 460 628 
1 461 628 
1 462 628 
1 463 628 
1 464 628 
1 465 628 
1 466 628 
1 467 628 
1 468 628 
1 469 628 
1 470 628 
1 471 628 
1 472 628 
1 473 628 
1 474 628 
1 475 628 
1 476 628 
1 477 628 
1 478 628 
1 479 628 
1 480 628 
1 481 628 
1 482 628 
1 483 628 
1 484 628 
1 485 628 
1 486 628 
1 487 628 
1 488 628 
1 489 628 
1 490 628 
1 491 628 
1 492 628 
1 493 628 
1 494 628 
1 495 628 
1 496 628 
1 497 628 
1 498 628 
1 499 628 
1 500 628 
1 501 628 
1 502 628 
1 503 628 
1 504 628 
1 505 628 
1 506 628 
1 507 628 
1 508 628 
1 509 628 
1 510 628 
1 511 628 
1 512 628 
1 513 628 
1 514 628 
1 515 628 
1 516 628 
1 517 628 
1 518 628 
1 519 628 
1 520 628 
1 521 628 
1 522 628 
1 523 936 
1 524 936 
1 525 936 
1 526 936 
1 527 936 
1 528 936 
1 529 936 
1 530 936 
1 531 936 
1 532 936 
1 533 936 
1 534 936 
1 535 936 
1 536 936 
1 537 936 
1 538 936 
1 539 936 
1 540 936 
1 541 936 
1 542 936 
1 543 936 
1 544 936 
1 545 936 
1 546 936 
1 547 936 
1 548 936 
1 549 936 
1 550 936 
1 551 936 
1 552 936 
1 553 936 
1 554 936 
1 555 936 
1 556 936 
1 557 936 
1 558 936 
1 559 936 
1 560 936 
1 561 936 
1 562 936 
1 563 936 
1 564 936 
1 565 936 
1 566 936 
1 567 936 
1 568 936 
1 569 936 
1 570 936 
1 571 936 
1 572 936 
1 573 936 
1 574 936 
1 575 936 
1 576 936 
1 577 936 
1 578 936 
1 579 936 
1 580 936 
1 581 936 
1 582 936 
1 583 936 
1 584 936 
1 585 936 
1 586 936 
1 587 1420 
1 588 1420 
1 589 1420 
1 590 1420 
1 591 1420 
1 592 1420 
1 593 1420 
1 594 1420 
1 595 1420 
1 596 1420 
1 597 1420 
1 598 1420 
1 599 1420 
1 600 1420 
1 601 1420 
1 602 1420 
1 603 1420 
1 604 1420 
1 605 1420 
1 606 1420 
1 607 1420 
1 608 1420 
1 609 1420 
1 610 1420 
1 611 1732 
1 612 1732 
1 613 1732 
1 614 1732 
1 615 1732 
1 616 1732 
1 617 1732 
1 618 1732 
1 619 1732 
1 620 1732 
1 621 1732 
1 622 1732 
1 623 1732 
1 624 1732 
1 625 1732 
1 626 1732 
1 627 1732 
1 628 1732 
1 629 1732 
1 630 1732 
1 631 1732 
1 632 1732 
1 633 1732 
1 634 1732 
1 635 1732 
1 636 1732 
1 637 1732 
1 638 1732 
1 639 1732 
1 640 1732 
1 641 1732 
1 642 1732 
1 643 1732 
1 644 1732 
1 645 1732 
1 646 1732 
1 647 1732 
1 648 1732 
1 649 1732 
1 650 1732 
1 651 1732 
1 652 1732 
1 653 1732 
1 654 1732 
1 655 1732 
1 656 1732 
1 657 1732 
1 658 1732 
1 659 1732 
1 660 1732 
1 661 1732 
1 662 1732 
1 663 1732 
1 664 1732 
1 665 1732 
1 666 1732 
1 667 1732 
1 668 1732 
1 669 1732 
1 670 1732 
1 671 1732 
1 672 1732 
1 673 1732 
1 674 1732 
1 675 1732 
1 676 1732 
1 677 1732 
1 678 1732 
1 679 1732 
1 680 1732 
1 681 1732 
1 682 1732 
1 683 1732 
1 684 1732 
1 685 1732 
1 686 1732 
1 687 1732 
1 688 1732 
1 689 1732 
1 690 1732 
1 691 1732 
1 692 1732 
1 693 1732 
1 694 1732 
1 695 1732 
1 696 1732 
1 697 1732 
1 698 1732 
1 699 1732 
1 700 1732 
1 701 1732 
1 702 1732 
1 703 1732 
1 704 1732 
1 705 1732 
1 706 1732 
1 707 1732 
1 708 1732 
1 709 1732 
1 710 1732 
1 711 1732 
1 712 1732 
1 713 1732 
1 714 1732 
1 715 1732 
1 716 1732 
1 717 1732 
1 718 1732 
1 719 1732 
1 720 1732 
1 721 1732 
1 722 1732 
1 723 1732 
1 724 1732 
1 725 1732 
1 726 1732 
1 727 1732 
1 728 1732 
1 729 1732 
1 730 1732 
1 731 1732 
1 732 1732 
1 733 1732 
1 734 1732 
1 735 1732 
1 736 1732 
1 737 1732 
1 738 1732 
1 739 1732 
1 740 1732 
1 741 1732 
1 742 1732 
1 743 1732 
1 744 1732 
1 745 1732 
1 746 1732 
1 747 1732 
1 748 1732 
1 749 1732 
1 750 1732 
1 751 1732 
1 752 1732 
1 753 1732 
1 754 1732 
1 755 1732 
1 756 1732 
1 757 1732 
1 758 1732 
1 759 1732 
1 760 1732 
1 761 1732 
1 762 1732 
1 763 1732 
1 764 1732 
1 765 1732 
1 766 1732 
1 767 1732 
1 768 1732 
1 769 1732 
1 770 1732 
1 771 1732 
1 772 1732 
1 773 1732 
1 774 1732 
1 775 1732 
1 776 1732 
1 777 1732 
1 778 1732 
1 779 1732 
1 780 1732 
1 781 1732 
1 782 1732 
1 783 1732 
1 784 1732 
1 785 1732 
1 786 1732 
1 787 1732 
1 788 1732 
1 789 1732 
1 790 1732 
1 791 1732 
1 792 1732 
1 793 1732 
1 794 1732 
1 795 1732 
1 796 1732 
1 797 1732 
1 798 1732 
1 799 1732 
1 800 1732 
1 801 1732 
1 802 1732 
1 803 1732 
1 804 1732 
1 805 1732 
1 806 1732 
1 807 1732 
1 808 1732 
1 809 1732 
1 810 1732 
1 811 1732 
1 812 1732 
1 813 1732 
1 814 1732 
1 815 1732 
1 816 1732 
1 817 1732 
1 818 1732 
1 819 1732 
1 820 1732 
1 821 1732 
1 822 1732 
1 823 1732 
1 824 1732 
1 825 1732 
1 826 1732 
1 827 1732 
1 828 1732 
1 829 1732 
1 830 1732 
1 831 1732 
1 832 1732 
1 833 1732 
1 834 1732 
1 835 1732 
1 836 1732 
1 837 1732 
1 838 1732 
1 839 1732 
1 840 1732 
1 841 1732 
1 842 1732 
1 843 1732 
1 844 1732 
1 845 1732 
1 846 1732 
1 847 1732 
1 848 1732 
1 849 1732 
1 850 1732 
1 851 1732 
1 852 1732 
1 853 1732 
1 854 1732 
1 855 1732 
1 856 1732 
1 857 1732 
1 858 1732 
1 859 1732 
1 860 1732 
1 861 1732 
1 862 1732 
1 863 1732 
1 864 1732 
1 865 1732 
1 866 1732 
1 867 1732 
1 868 1732 
1 869 1732 
1 870 1732 
1 871 1732 
1 872 1732 
1 873 1732 
1 874 1732 
1 875 1732 
1 876 1732 
1 877 1732 
1 878 1732 
1 879 1732 
1 880 1732 
1 881 1732 
1 882 1732 
1 883 1732 
1 884 1732 
1 885 1732 
1 886 1732 
1 887 1732 
1 888 1732 
1 889 1732 
1 890 1732 
1 891 1732 
1 892 1732 
1 893 1732 
1 894 1732 
1 895 1732 
1 896 1732 
1 897 1732 
1 898 1732 
1 899 1732 
1 900 1732 
1 901 1732 
1 902 1732 
1 903 1732 
1 904 1732 
1 905 1732 
1 906 1732 
1 907 1732 
1 908 1732 
1 909 1732 
1 910 1732 
1 911 1732 
1 912 1732 
1 913 1732 
1 914 1732 
1 915 1732 
1 916 1732 
1 917 1732 
1 918 1732 
1 919 1732 
1 920 1732 
1 921 1732 
1 922 1732 
1 923 1732 
1 924 1732 
1 925 1732 
1 926 1732 
1 927 1732 
1 928 1732 
1 929 1732 
1 930 1732 
1 931 1732 
1 932 1732 
1 933 1732 
1 934 1732 
1 935 1732 
1 936 1732 
1 937 1732 
1 938 1732 
1 939 1732 
1 940 1732 
1 941 1732 
1 942 1732 
1 943 1732 
1 944 1732 
1 945 1732 
1 946 1732 
1 947 1732 
1 948 1732 
1 949 1732 
1 950 1732 
1 951 1732 
1 952 1732 
1 953 1732 
1 954 1732 
1 955 1732 
1 956 1732 
1 957 1732 
1 958 1732 
1 959 1732 
1 960 1732 
1 961 1732 
1 962 1732 
1 963 1732 
1 964 1732 
1 965 1732 
1 966 1732 
1 967 1732 
1 968 1732 
1 969 1732 
1 970 1732 
1 971 1732 
1 972 1732 
1 973 1732 
1 974 1732 
1 975 1732 
1 976 1732 
1 977 1732 
1 978 1732 
1 979 1732 
1 980 1732 
1 981 1732 
1 982 1732 
1 983 1732 
1 984 1732 
1 985 1732 
1 986 1732 
1 987 1732 
1 988 1732 
1 989 1732 
1 990 1732 
1 991 1732 
1 992 1732 
1 993 1732 
1 994 1732 
1 995 1732 
1 996 1732 
1 997 1732 
1 998 1732 
1 999 1732 
1 1000 1732 
1 1001 1732 
1 1002 1732 
1 1003 1732 
1 1004 1732 
1 1005 1732 
1 1006 1732 
1 1007 1732 
1 1008 1732 
1 1009 1732 
1 1010 1732 
1 1011 1732 
1 1012 1732 
1 1013 1732 
1 1014 1732 
1 1015 1732 
1 1016 1732 
1 1017 1732 
1 1018 1732 
1 1019 1732 
1 1020 1732 
1 1021 1732 
1 1022 1732 
1 1023 1732 
1 1024 1732 
1 1025 1732 
1 1026 1732 
1 1027 1732 
1 1028 1732 
1 1029 1732 
1 1030 1732 
1 1031 1732 
1 1032 1732 
1 1033 1732 
1 1034 1732 
1 1035 1732 
1 1036 1732 
1 1037 1732 
1 1038 1732 
1 1039 1732 
1 1040 1732 
1 1041 1732 
1 1042 1732 
1 1043 1732 
1 1044 1732 
1 1045 1732 
1 1046 1732 
1 1047 1732 
1 1048 1732 
1 1049 1732 
1 1050 1732 
1 1051 1732 
1 1052 2000 
2 0 4 
2 1 4 
2 2 4 
2 3 4 
2 4 4 
2 5 20 
2 6 48 
2 7 72 
2 8 72 
2 9 132 
2 10 184 
2 11 224 
2 12 284 
2 13 284 
2 14 284 
2 15 284 
2 16 284 
2 17 284 
2 18 284 
2 19 284 
2 20 284 
2 21 284 
2 22 284 
2 23 284 
2 24 308 
2 25 308 
2 26 308 
2 27 308 
2 28 308 
2 29 308 
2 30 308 
2 31 308 
2 32 388 
2 33 388 
2 34 388 
2 35 388 
2 36 388 
2 37 388 
2 38 388 
2 39 388 
2 40 388 
2 41 388 
2 42 388 
2 43 388 
2 44 388 
2 45 388 
2 46 388 
2 47 388 
2 48 388 
2 49 388 
2 50 388 
2 51 388 
2 52 388 
2 53 388 
2 54 388 
2 55 388 
2 56 388 
2 57 388 
2 58 388 
2 59 388 
2 60 460 
2 61 460 
2 62 460 
2 63 460 
2 64 460 
2 65 460 
2 66 460 
2 67 460 
2 68 464 
2 69 464 
2 70 464 
2 71 464 
2 72 464 
2 73 464 
2 74 464 
2 75 464 
2 76 464 
2 77 464 
2 78 464 
2 79 464 
2 80 484 
2 81 484 
2 82 484 
2 83 484 
2 84 484 
2 85 484 
2 86 484 
2 87 484 
2 88 484 
2 89 484 
2 90 484 
2 91 484 
2 92 484 
2 93 484 
2 94 484 
2 95 484 
2 96 484 
2 97 484 
2 98 484 
2 99 484 
2 100 484 
2 101 484 
2 102 484 
2 103 484 
2 104 484 
2 105 484 
2 106 484 
2 107 484 
2 108 484 
2 109 484 
2 110 484 
2 111 484 
2 112 508 
2 113 508 
2 114 508 
2 115 508 
2 116 700 
2 117 700 
2 118 700 
2 119 700 
2 120 700 
2 121 700 
2 122 700 
2 123 700 
2 124 700 
2 125 700 
2 126 700 
2 127 700 
2 128 700 
2 129 700 
2 130 700 
2 131 700 
2 132 700 
2 133 700 
2 134 700 
2 135 700 
2 136 700 
2 137 700 
2 138 700 
2 139 700 
2 140 700 
2 141 700 
2 142 700 
2 143 700 
2 144 700 
2 145 700 
2 146 700 
2 147 700 
2 148 700 
2 149 700 
2 150 700 
2 151 700 
2 152 700 
2 153 700 
2 154 700 
2 155 700 
2 156 700 
2 157 700 
2 158 700 
2 159 700 
2 160 700 
2 161 700 
2 162 700 
2 163 700 
2 164 700 
2 165 700 
2 166 700 
2 167 700 
2 168 1692 
2 169 1692 
2 170 1692 
2 171 1692 
2 172 1692 
2 173 1692 
2 174 1692 
2 175 1692 
2 176 1692 
2 177 1692 
2 178 1692 
2 179 1692 
2 180 1692 
2 181 1692 
2 182 1692 
2 183 1692 
2 184 1692 
2 185 1692 
2 186 1692 
2 187 1692 
2 188 1692 
2 189 1692 
2 190 1692 
2 191 1692 
2 192 1692 
2 193 1692 
2 194 1692 
2 195 1692 
2 196 1692 
2 197 1692 
2 198 1692 
2 199 1692 
2 200 1692 
2 201 1692 
2 202 1692 
2 203 1692 
2 204 1692 
2 205 1692 
2 206 1692 
2 207 1692 
2 208 1692 
2 209 1692 
2 210 1692 
2 211 1692 
2 212 1692 
2 213 1692 
2 214 1692 
2 215 1692 
2 216 1692 
2 217 1692 
2 218 1692 
2 219 1692 
2 220 1692 
2 221 1692 
2 222 1692 
2 223 1692 
2 224 1692 
2 225 1692 
2 226 1692 
2 227 1692 
2 228 1692 
2 229 1692 
2 230 1692 
2 231 1692 
2 232 1692 
2 233 1692 
2 234 1692 
2 235 1692 
2 236 1692 
2 237 1692 
2 238 1692 
2 239 1692 
2 240 1692 
2 241 2000 
3 0 1 
3 1 4 
3 2 4 
3 3 8 
3 4 8 
3 5 8 
3 6 20 
3 7 100 
3 8 100 
3 9 100 
3 10 100 
3 11 100 
3 12 100 
3 13 100 
3 14 100 
3 15 100 
3 16 100 
3 17 100 
3 18 100 
3 19 120 
3 20 152 
3 21 152 
3 22 180 
3 23 180 
3 24 180 
3 25 180 
3 26 180 
3 27 180 
3 28 180 
3 29 192 
3 30 192 
3 31 192 
3 32 252 
3 33 420 
3 34 420 
3 35 420 
3 36 420 
3 37 420 
3 38 420 
3 39 420 
3 40 420 
3 41 420 
3 42 420 
3 43 420 
3 44 536 
3 45 536 
3 46 536 
3 47 536 
3 48 536 
3 49 536 
3 50 576 
3 51 576 
3 52 576 
3 53 576 
3 54 576 
3 55 576 
3 56 576 
3 57 576 
3 58 576 
3 59 576 
3 60 576 
3 61 576 
3 62 576 
3 63 1028 
3 64 1028 
3 65 1028 
3 66 1028 
3 67 1028 
3 68 1028 
3 69 1028 
3 70 1028 
3 71 1028 
3 72 1028 
3 73 1028 
3 74 1028 
3 75 1044 
3 76 1044 
3 77 1044 
3 78 1044 
3 79 1044 
3 80 1044 
3 81 1480 
3 82 1480 
3 83 1480 
3 84 1480 
3 85 1480 
3 86 1480 
3 87 1480 
3 88 1480 
3 89 1480 
3 90 1480 
3 91 1480 
3 92 1480 
3 93 1480 
3 94 1480 
3 95 1480 
3 96 1480 
3 97 1480 
3 98 1480 
3 99 1480 
3 100 1480 
3 101 1480 
3 102 2000 
4 0 1 
4 1 4 
4 2 8 
4 3 8 
4 4 8 
4 5 8 
4 6 8 
4 7 8 
4 8 8 
4 9 8 
4 10 192 
4 11 340 
4 12 340 
4 13 424 
4 14 424 
4 15 424 
4 16 424 
4 17 424 
4 18 424 
4 19 424 
4 20 424 
4 21 424 
4 22 424 
4 23 424 
4 24 424 
4 25 424 
4 26 424 
4 27 424 
4 28 424 
4 29 424 
4 30 424 
4 31 424 
4 32 424 
4 33 424 
4 34 424 
4 35 424 
4 36 424 
4 37 620 
4 38 620 
4 39 620 
4 40 620 
4 41 620 
4 42 620 
4 43 620 
4 44 620 
4 45 620 
4 46 620 
4 47 620 
4 48 620 
4 49 716 
4 50 716 
4 51 716 
4 52 716 
4 53 1372 
4 54 1372 
4 55 1372 
4 56 1372 
4 57 1372 
4 58 1372 
4 59 1372 
4 60 1372 
4 61 2000 
5 0 1 
5 1 1 
5 2 1 
5 3 1 
5 4 2 
5 5 8 
5 6 8 
5 7 8 
5 8 8 
5 9 8 
5 10 8 
5 11 8 
5 12 8 
5 13 8 
5 14 8 
5 15 8 
5 16 8 
5 17 8 
5 18 8 
5 19 8 
5 20 8 
5 21 20 
5 22 20 
5 23 20 
5 24 20 
5 25 20 
5 26 20 
5 27 20 
5 28 20 
5 29 20 
5 30 52 
5 31 52 
5 32 116 
5 33 116 
5 34 116 
5 35 116 
5 36 116 
5 37 116 
5 38 152 
5 39 152 
5 40 152 
5 41 400 
5 42 400 
5 43 400 
5 44 400 
5 45 400 
5 46 400 
5 47 400 
5 48 400 
5 49 400 
5 50 400 
5 51 400 
5 52 400 
5 53 400 
5 54 400 
5 55 400 
5 56 400 
5 57 400 
5 58 400 
5 59 400 
5 60 400 
5 61 400 
5 62 400 
5 63 400 
5 64 400 
5 65 400 
5 66 400 
5 67 400 
5 68 400 
5 69 400 
5 70 400 
5 71 400 
5 72 400 
5 73 400 
5 74 400 
5 75 400 
5 76 404 
5 77 404 
5 78 404 
5 79 404 
5 80 404 
5 81 404 
5 82 404 
5 83 404 
5 84 404 
5 85 404 
5 86 404 
5 87 404 
5 88 404 
5 89 404 
5 90 404 
5 91 612 
5 92 612 
5 93 612 
5 94 616 
5 95 616 
5 96 616 
5 97 616 
5 98 616 
5 99 616 
5 100 616 
5 101 616 
5 102 616 
5 103 616 
5 104 616 
5 105 616 
5 106 652 
5 107 652 
5 108 652 
5 109 652 
5 110 652 
5 111 652 
5 112 652 
5 113 652 
5 114 652 
5 115 652 
5 116 652 
5 117 652 
5 118 652 
5 119 652 
5 120 652 
5 121 652 
5 122 652 
5 123 652 
5 124 652 
5 125 652 
5 126 652 
5 127 652 
5 128 652 
5 129 652 
5 130 652 
5 131 652 
5 132 652 
5 133 652 
5 134 652 
5 135 652 
5 136 668 
5 137 668 
5 138 668 
5 139 668 
5 140 668 
5 141 668 
5 142 668 
5 143 668 
5 144 668 
5 145 668 
5 146 668 
5 147 668 
5 148 668 
5 149 668 
5 150 668 
5 151 668 
5 152 668 
5 153 668 
5 154 668 
5 155 668 
5 156 668 
5 157 668 
5 158 668 
5 159 668 
5 160 668 
5 161 668 
5 162 668 
5 163 948 
5 164 948 
5 165 948 
5 166 948 
5 167 948 
5 168 948 
5 169 948 
5 170 948 
5 171 948 
5 172 948 
5 173 948 
5 174 948 
5 175 948 
5 176 948 
5 177 1088 
5 178 1088 
5 179 1088 
5 180 1088 
5 181 1088 
5 182 1088 
5 183 1088 
5 184 1088 
5 185 1088 
5 186 1088 
5 187 1088 
5 188 1088 
5 189 1088 
5 190 1088 
5 191 1088 
5 192 1088 
5 193 1088 
5 194 1088 
5 195 1088 
5 196 1088 
5 197 1088 
5 198 1088 
5 199 1088 
5 200 1088 
5 201 1088 
5 202 1088 
5 203 1088 
5 204 1088 
5 205 1088 
5 206 1088 
5 207 1088 
5 208 1088 
5 209 1088 
5 210 1088 
5 211 1088 
5 212 1088 
5 213 1088 
5 214 1088 
5 215 1088 
5 216 1088 
5 217 1088 
5 218 1088 
5 219 1088 
5 220 1088 
5 221 1088 
5 222 1088 
5 223 1088 
5 224 1088 
5 225 1088 
5 226 1088 
5 227 1088 
5 228 1088 
5 229 1088 
5 230 1088 
5 231 1088 
5 232 1088 
5 233 1088 
5 234 1088 
5 235 1088 
5 236 1088 
5 237 1088 
5 238 1088 
5 239 1088 
5 240 1088 
5 241 1088 
5 242 1088 
5 243 1088 
5 244 1088 
5 245 1088 
5 246 1088 
5 247 1088 
5 248 1172 
5 249 1172 
5 250 1172 
5 251 1172 
5 252 1172 
5 253 1172 
5 254 1172 
5 255 1172 
5 256 1172 
5 257 1172 
5 258 1172 
5 259 1172 
5 260 1172 
5 261 1172 
5 262 1172 
5 263 1172 
5 264 1364 
5 265 1364 
5 266 1364 
5 267 1364 
5 268 1364 
5 269 1364 
5 270 1364 
5 271 1364 
5 272 1364 
5 273 1648 
5 274 1648 
5 275 1648 
5 276 1864 
5 277 1864 
5 278 1864 
5 279 1864 
5 280 1864 
5 281 1864 
5 282 1864 
5 283 2000 
6 0 1 
6 1 4 
6 2 4 
6 3 4 
6 4 4 
6 5 6 
6 6 6 
6 7 6 
6 8 6 
6 9 48 
6 10 84 
6 11 84 
6 12 84 
6 13 84 
6 14 84 
6 15 84 
6 16 84 
6 17 96 
6 18 96 
6 19 124 
6 20 124 
6 21 124 
6 22 184 
6 23 184 
6 24 184 
6 25 184 
6 26 200 
6 27 200 
6 28 200 
6 29 200 
6 30 204 
6 31 204 
6 32 204 
6 33 204 
6 34 204 
6 35 204 
6 36 376 
6 37 376 
6 38 376 
6 39 384 
6 40 384 
6 41 384 
6 42 384 
6 43 384 
6 44 384 
6 45 384 
6 46 384 
6 47 384 
6 48 384 
6 49 572 
6 50 572 
6 51 572 
6 52 572 
6 53 572 
6 54 572 
6 55 572 
6 56 608 
6 57 608 
6 58 608 
6 59 608 
6 60 608 
6 61 608 
6 62 608 
6 63 608 
6 64 608 
6 65 608 
6 66 608 
6 67 608 
6 68 608 
6 69 676 
6 70 676 
6 71 676 
6 72 676 
6 73 676 
6 74 676 
6 75 676 
6 76 676 
6 77 676 
6 78 764 
6 79 764 
6 80 764 
6 81 764 
6 82 764 
6 83 764 
6 84 764 
6 85 764 
6 86 764 
6 87 764 
6 88 764 
6 89 764 
6 90 764 
6 91 764 
6 92 764 
6 93 764 
6 94 764 
6 95 764 
6 96 764 
6 97 764 
6 98 764 
6 99 764 
6 100 764 
6 101 764 
6 102 764 
6 103 764 
6 104 764 
6 105 764 
6 106 764 
6 107 764 
6 108 764 
6 109 764 
6 110 764 
6 111 764 
6 112 764 
6 113 764 
6 114 764 
6 115 952 
6 116 952 
6 117 952 
6 118 952 
6 119 952 
6 120 952 
6 121 952 
6 122 952 
6 123 952 
6 124 952 
6 125 952 
6 126 952 
6 127 952 
6 128 952 
6 129 952 
6 130 952 
6 131 952 
6 132 952 
6 133 952 
6 134 952 
6 135 952 
6 136 952 
6 137 952 
6 138 1064 
6 139 1064 
6 140 1064 
6 141 1064 
6 142 1064 
6 143 1064 
6 144 1064 
6 145 1064 
6 146 1064 
6 147 1064 
6 148 1064 
6 149 1064 
6 150 1064 
6 151 1064 
6 152 1064 
6 153 1064 
6 154 1064 
6 155 1064 
6 156 1064 
6 157 1064 
6 158 1064 
6 159 1064 
6 160 1064 
6 161 1064 
6 162 1064 
6 163 1064 
6 164 1064 
6 165 1064 
6 166 1064 
6 167 1064 
6 168 1064 
6 169 1064 
6 170 1064 
6 171 1064 
6 172 1064 
6 173 1064 
6 174 1064 
6 175 1064 
6 176 1064 
6 177 1064 
6 178 1064 
6 179 1064 
6 180 1064 
6 181 1064 
6 182 1064 
6 183 1064 
6 184 1064 
6 185 1064 
6 186 1064 
6 187 1064 
6 188 1064 
6 189 1064 
6 190 1064 
6 191 1064 
6 192 1064 
6 193 1064 
6 194 1064 
6 195 1064 
6 196 1064 
6 197 1064 
6 198 1064 
6 199 1064 
6 200 1064 
6 201 1064 
6 202 1064 
6 203 1064 
6 204 1064 
6 205 1064 
6 206 1064 
6 207 1064 
6 208 1064 
6 209 1064 
6 210 1064 
6 211 1064 
6 212 1064 
6 213 1064 
6 214 1064 
6 215 1064 
6 216 1064 
6 217 1064 
6 218 1064 
6 219 1064 
6 220 1064 
6 221 1064 
6 222 1064 
6 223 1064 
6 224 1064 
6 225 1064 
6 226 1064 
6 227 1064 
6 228 1064 
6 229 1064 
6 230 1064 
6 231 1248 
6 232 1248 
6 233 1248 
6 234 1248 
6 235 1248 
6 236 1248 
6 237 1248 
6 238 1248 
6 239 1248 
6 240 1340 
6 241 1340 
6 242 1340 
6 243 1340 
6 244 1340 
6 245 1340 
6 246 1340 
6 247 1340 
6 248 1340 
6 249 1340 
6 250 1340 
6 251 1340 
6 252 1340 
6 253 1340 
6 254 1340 
6 255 1340 
6 256 1340 
6 257 1340 
6 258 1340 
6 259 1340 
6 260 1340 
6 261 1340 
6 262 1340 
6 263 1340 
6 264 1340 
6 265 1340 
6 266 1568 
6 267 1568 
6 268 1568 
6 269 1568 
6 270 1568 
6 271 1568 
6 272 1568 
6 273 1568 
6 274 1568 
6 275 1568 
6 276 1576 
6 277 1576 
6 278 1576 
6 279 1576 
6 280 1576 
6 281 2000 
7 0 4 
7 1 4 
7 2 4 
7 3 4 
7 4 4 
7 5 4 
7 6 4 
7 7 4 
7 8 4 
7 9 4 
7 10 4 
7 11 4 
7 12 4 
7 13 4 
7 14 4 
7 15 4 
7 16 4 
7 17 4 
7 18 4 
7 19 4 
7 20 4 
7 21 4 
7 22 4 
7 23 4 
7 24 4 
7 25 4 
7 26 16 
7 27 16 
7 28 16 
7 29 16 
7 30 16 
7 31 16 
7 32 16 
7 33 16 
7 34 16 
7 35 26 
7 36 26 
7 37 128 
7 38 128 
7 39 220 
7 40 220 
7 41 260 
7 42 260 
7 43 688 
7 44 688 
7 45 688 
7 46 688 
7 47 688 
7 48 688 
7 49 688 
7 50 688 
7 51 688 
7 52 688 
7 53 688 
7 54 860 
7 55 860 
7 56 860 
7 57 860 
7 58 860 
7 59 860 
7 60 860 
7 61 860 
7 62 860 
7 63 860 
7 64 860 
7 65 860 
7 66 860 
7 67 860 
7 68 860 
7 69 860 
7 70 860 
7 71 860 
7 72 860 
7 73 860 
7 74 860 
7 75 860 
7 76 860 
7 77 1036 
7 78 1036 
7 79 1036 
7 80 1036 
7 81 1036 
7 82 1036 
7 83 1036 
7 84 1140 
7 85 1140 
7 86 1140 
7 87 1140 
7 88 1140 
7 89 1140 
7 90 1140 
7 91 1140 
7 92 1140 
7 93 1204 
7 94 1204 
7 95 1204 
7 96 1204 
7 97 1204 
7 98 1204 
7 99 1204 
7 100 1204 
7 101 1212 
7 102 1264 
7 103 1264 
7 104 2000 
8 0 1 
8 1 1 
8 2 4 
8 3 4 
8 4 4 
8 5 4 
8 6 4 
8 7 4 
8 8 20 
8 9 20 
8 10 20 
8 11 20 
8 12 20 
8 13 20 
8 14 32 
8 15 32 
8 16 40 
8 17 44 
8 18 192 
8 19 228 
8 20 412 
8 21 412 
8 22 412 
8 23 412 
8 24 412 
8 25 412 
8 26 412 
8 27 412 
8 28 412 
8 29 412 
8 30 412 
8 31 412 
8 32 412 
8 33 412 
8 34 412 
8 35 412 
8 36 412 
8 37 412 
8 38 412 
8 39 412 
8 40 412 
8 41 412 
8 42 412 
8 43 412 
8 44 412 
8 45 412 
8 46 460 
8 47 460 
8 48 460 
8 49 460 
8 50 460 
8 51 460 
8 52 460 
8 53 460 
8 54 460 
8 55 460 
8 56 460 
8 57 460 
8 58 460 
8 59 460 
8 60 460 
8 61 460 
8 62 460 
8 63 460 
8 64 692 
8 65 692 
8 66 692 
8 67 692 
8 68 692 
8 69 692 
8 70 692 
8 71 692 
8 72 692 
8 73 692 
8 74 692 
8 75 692 
8 76 692 
8 77 692 
8 78 692 
8 79 692 
8 80 692 
8 81 692 
8 82 692 
8 83 692 
8 84 692 
8 85 692 
8 86 692 
8 87 692 
8 88 692 
8 89 692 
8 90 692 
8 91 692 
8 92 692 
8 93 692 
8 94 692 
8 95 692 
8 96 692 
8 97 692 
8 98 692 
8 99 692 
8 100 692 
8 101 692 
8 102 692 
8 103 692 
8 104 692 
8 105 692 
8 106 692 
8 107 692 
8 108 692 
8 109 692 
8 110 692 
8 111 692 
8 112 692 
8 113 1008 
8 114 1008 
8 115 1008 
8 116 1008 
8 117 1008 
8 118 1008 
8 119 1008 
8 120 1008 
8 121 1008 
8 122 1008 
8 123 1008 
8 124 1008 
8 125 1008 
8 126 1008 
8 127 1008 
8 128 1008 
8 129 1008 
8 130 1128 
8 131 1652 
8 132 1652 
8 133 1652 
8 134 1652 
8 135 1652 
8 136 1652 
8 137 1652 
8 138 1652 
8 139 1652 
8 140 1652 
8 141 1652 
8 142 1652 
8 143 1652 
8 144 1652 
8 145 1652 
8 146 1652 
8 147 1652 
8 148 1652 
8 149 1652 
8 150 1652 
8 151 1652 
8 152 1652 
8 153 1652 
8 154 1652 
8 155 1652 
8 156 1652 
8 157 1652 
8 158 1652 
8 159 1652 
8 160 1652 
8 161 1652 
8 162 1652 
8 163 1652 
8 164 1652 
8 165 1652 
8 166 1652 
8 167 1652 
8 168 1652 
8 169 1652 
8 170 1652 
8 171 1652 
8 172 1652 
8 173 1652 
8 174 1652 
8 175 1652 
8 176 1652 
8 177 1652 
8 178 1652 
8 179 1652 
8 180 1652 
8 181 1652 
8 182 1652 
8 183 1652 
8 184 1652 
8 185 1652 
8 186 1652 
8 187 1652 
8 188 1652 
8 189 2000 
9 0 1 
9 1 1 
9 2 2 
9 3 2 
9 4 12 
9 5 12 
9 6 12 
9 7 44 
9 8 44 
9 9 44 
9 10 44 
9 11 44 
9 12 136 
9 13 136 
9 14 196 
9 15 252 
9 16 252 
9 17 252 
9 18 252 
9 19 252 
9 20 628 
9 21 628 
9 22 628 
9 23 628 
9 24 628 
9 25 628 
9 26 628 
9 27 628 
9 28 628 
9 29 628 
9 30 628 
9 31 784 
9 32 1488 
9 33 1488 
9 34 1488 
9 35 1488 
9 36 1488 
9 37 1488 
9 38 1488 
9 39 1488 
9 40 1488 
9 41 1488 
9 42 1488 
9 43 1488 
9 44 1488 
9 45 1488 
9 46 1488 
9 47 1488 
9 48 1488 
9 49 1488 
9 50 1488 
9 51 1488 
9 52 1488 
9 53 1488 
9 54 1488 
9 55 1488 
9 56 1488 
9 57 1488 
9 58 1488 
9 59 1488 
9 60 1488 
9 61 1488 
9 62 1488 
9 63 1488 
9 64 1488 
9 65 1488 
9 66 1488 
9 67 1488 
9 68 1488 
9 69 1488 
9 70 1488 
9 71 1488 
9 72 1488 
9 73 1488 
9 74 1488 
9 75 1488 
9 76 1488 
9 77 1488 
9 78 1488 
9 79 1488 
9 80 1488 
9 81 1488 
9 82 1488 
9 83 1488 
9 84 1488 
9 85 1488 
9 86 1488 
9 87 1488 
9 88 1488 
9 89 1488 
9 90 1488 
9 91 1488 
9 92 1488 
9 93 1488 
9 94 1488 
9 95 1488 
9 96 1488 
9 97 1488 
9 98 1488 
9 99 1488 
9 100 1488 
9 101 1488 
9 102 1488 
9 103 1488 
9 104 1488 
9 105 1488 
9 106 1488 
9 107 1488 
9 108 1488 
9 109 1488 
9 110 1488 
9 111 1488 
9 112 1488 
9 113 1488 
9 114 1488 
9 115 1488 
9 116 1488 
9 117 1488 
9 118 1488 
9 119 1488 
9 120 1488 
9 121 1488 
9 122 1488 
9 123 1488 
9 124 1488 
9 125 1488 
9 126 1488 
9 127 1488 
9 128 1488 
9 129 1488 
9 130 1488 
9 131 1488 
9 132 1488 
9 133 1488 
9 134 1488 
9 135 1488 
9 136 1488 
9 137 1488 
9 138 1488 
9 139 1488 
9 140 1488 
9 141 1488 
9 142 1488 
9 143 1488 
9 144 1488 
9 145 1488 
9 146 1488 
9 147 1488 
9 148 1488 
9 149 1488 
9 150 1488 
9 151 1488 
9 152 1488 
9 153 1488 
9 154 1488 
9 155 1488 
9 156 1488 
9 157 1488 
9 158 1488 
9 159 1488 
9 160 1488 
9 161 1488 
9 162 1488 
9 163 1488 
9 164 1488 
9 165 1488 
9 166 1488 
9 167 1488 
9 168 1488 
9 169 1488 
9 170 1488 
9 171 1488 
9 172 1488 
9 173 1488 
9 174 1488 
9 175 1488 
9 176 1488 
9 177 1488 
9 178 1488 
9 179 1488 
9 180 1488 
9 181 1488 
9 182 1488 
9 183 1488 
9 184 1488 
9 185 1488 
9 186 1488 
9 187 1488 
9 188 1488 
9 189 1488 
9 190 1488 
9 191 1488 
9 192 1488 
9 193 1488 
9 194 1488 
9 195 1488 
9 196 1488 
9 197 1488 
9 198 1488 
9 199 1488 
9 200 1488 
9 201 1488 
9 202 1488 
9 203 1488 
9 204 1488 
9 205 1488 
9 206 1488 
9 207 1488 
9 208 1488 
9 209 1488 
9 210 1488 
9 211 1488 
9 212 1488 
9 213 1488 
9 214 1488 
9 215 1488 
9 216 1488 
9 217 1488 
9 218 1488 
9 219 1488 
9 220 1488 
9 221 1488 
9 222 1488 
9 223 1488 
9 224 1488 
9 225 1488 
9 226 1488 
9 227 1488 
9 228 1488 
9 229 1488 
9 230 1488 
9 231 1544 
9 232 1544 
9 233 1544 
9 234 1544 
9 235 1544 
9 236 1544 
9 237 1544 
9 238 1544 
9 239 1544 
9 240 1544 
9 241 1544 
9 242 1544 
9 243 1544 
9 244 1544 
9 245 1544 
9 246 1544 
9 247 1544 
9 248 1544 
9 249 1544 
9 250 1544 
9 251 1544 
9 252 1544 
9 253 1544 
9 254 1544 
9 255 1544 
9 256 1544 
9 257 1544 
9 258 1544 
9 259 1544 
9 260 1544 
9 261 1544 
9 262 1544 
9 263 1544 
9 264 1544 
9 265 1544 
9 266 1544 
9 267 1544 
9 268 1544 
9 269 1544 
9 270 1544 
9 271 1544 
9 272 1544 
9 273 1544 
9 274 1544 
9 275 1544 
9 276 1544 
9 277 1544 
9 278 1544 
9 279 1544 
9 280 1544 
9 281 1544 
9 282 1544 
9 283 1544 
9 284 1544 
9 285 1544 
9 286 1544 
9 287 1544 
9 288 1544 
9 289 1544 
9 290 1544 
9 291 1544 
9 292 1544 
9 293 1544 
9 294 1544 
9 295 1544 
9 296 1544 
9 297 1544 
9 298 1544 
9 299 1544 
9 300 1544 
9 301 1544 
9 302 1544 
9 303 1544 
9 304 1544 
9 305 1544 
9 306 1544 
9 307 1544 
9 308 1544 
9 309 1544 
9 310 1544 
9 311 1544 
9 312 1544 
9 313 1544 
9 314 1544 
9 315 1544 
9 316 1544 
9 317 1544 
9 318 1544 
9 319 1544 
9 320 1544 
9 321 1544 
9 322 1544 
9 323 1544 
9 324 1544 
9 325 1544 
9 326 1544 
9 327 1544 
9 328 1544 
9 329 1544 
9 330 1544 
9 331 1544 
9 332 1544 
9 333 1544 
9 334 1544 
9 335 1544 
9 336 1544 
9 337 1544 
9 338 1544 
9 339 1544 
9 340 1544 
9 341 1544 
9 342 1544 
9 343 1544 
9 344 1544 
9 345 1544 
9 346 1544 
9 347 1544 
9 348 1544 
9 349 1544 
9 350 1544 
9 351 1544 
9 352 1544 
9 353 1544 
9 354 1544 
9 355 1544 
9 356 1544 
9 357 1544 
9 358 1544 
9 359 1544 
9 360 1544 
9 361 1544 
9 362 1544 
9 363 1544 
9 364 1544 
9 365 1544 
9 366 1544 
9 367 1544 
9 368 1544 
9 369 1544 
9 370 1544 
9 371 1544 
9 372 1544 
9 373 1544 
9 374 1544 
9 375 1544 
9 376 1544 
9 377 1544 
9 378 1544 
9 379 1544 
9 380 1544 
9 381 1544 
9 382 1544 
9 383 1544 
9 384 1544 
9 385 1544 
9 386 1544 
9 387 1544 
9 388 1544 
9 389 1544 
9 390 1544 
9 391 1724 
9 392 1724 
9 393 1724 
9 394 1724 
9 395 1724 
9 396 1724 
9 397 1724 
9 398 1724 
9 399 1724 
9 400 1724 
9 401 1724 
9 402 1724 
9 403 1724 
9 404 1724 
9 405 1724 
9 406 1724 
9 407 1724 
9 408 1724 
9 409 1724 
9 410 1724 
9 411 1724 
9 412 1724 
9 413 1724 
9 414 1724 
9 415 1724 
9 416 1724 
9 417 1724 
9 418 1724 
9 419 1724 
9 420 1724 
9 421 1724 
9 422 1724 
9 423 1724 
9 424 1724 
9 425 1724 
9 426 1724 
9 427 2000 
